374.561,199.324,760,428
133187174890637688,585.048,584.999,0.464028,0.0930008,-0.880925,6.41983,0.00546657,0.994155,0.107834,0.22292,0.885804,-0.054854,0.460807,-3.72291,0,0,0,1
133187174891637280,585.048,584.999,0.463825,0.0957899,-0.880733,6.42201,0.0034973,0.993933,0.109943,0.222919,0.88592,-0.0540749,0.460675,-3.72173,0,0,0,1
133187174891970476,585.048,584.999,0.463499,0.0972702,-0.880742,6.42278,0.00298594,0.993781,0.111325,0.222805,0.886092,-0.0542295,0.460326,-3.72166,0,0,0,1
133187174892303674,585.048,584.999,0.462821,0.0986479,-0.880946,6.42357,0.00261904,0.993634,0.112642,0.222726,0.886448,-0.0544409,0.459616,-3.72174,0,0,0,1
133187174892636871,585.048,584.999,0.461885,0.0993231,-0.881361,6.42432,0.00276435,0.993545,0.113414,0.222751,0.886936,-0.054821,0.458629,-3.72201,0,0,0,1
133187174894302857,585.048,584.999,0.462761,0.10095,-0.880717,6.42808,0.00517494,0.993172,0.116559,0.222533,0.886468,-0.0584967,0.459078,-3.72431,0,0,0,1
133187174894636054,585.048,584.999,0.463642,0.101727,-0.880163,6.42867,0.00641361,0.992977,0.118144,0.22221,0.885999,-0.0604222,0.459733,-3.72508,0,0,0,1
133187174894969251,585.048,584.999,0.465208,0.103485,-0.879132,6.42911,0.00958276,0.992498,0.1219,0.221716,0.88515,-0.0651337,0.460726,-3.72597,0,0,0,1
133187174895302449,585.048,584.999,0.465253,0.103708,-0.879082,6.42957,0.0116449,0.992311,0.123229,0.221392,0.885101,-0.0675697,0.460468,-3.72674,0,0,0,1
133187174895635646,585.048,584.999,0.465703,0.104149,-0.878791,6.42998,0.0147988,0.991996,0.125408,0.220995,0.884817,-0.0714082,0.460434,-3.72761,0,0,0,1
133187174895968842,585.048,584.999,0.4677,0.105267,-0.877597,6.43031,0.0181803,0.991528,0.128622,0.220494,0.8837,-0.076112,0.461824,-3.72842,0,0,0,1
133187174896302040,585.048,584.999,0.46875,0.10626,-0.876916,6.43081,0.0180273,0.991382,0.129766,0.220157,0.883147,-0.0766368,0.462794,-3.7291,0,0,0,1
133187174896968435,585.048,584.999,0.471654,0.111708,-0.874679,6.43192,0.0174074,0.990571,0.135896,0.219094,0.881612,-0.0793222,0.465262,-3.73015,0,0,0,1
133187174897301632,585.048,584.999,0.472227,0.112171,-0.874311,6.43269,0.0167317,0.990553,0.136121,0.218966,0.881318,-0.0789091,0.465888,-3.73057,0,0,0,1
133187174899300815,585.048,584.999,0.471345,0.105255,-0.875646,6.43914,0.0135862,0.99187,0.126539,0.220629,0.881844,-0.0715405,0.466083,-3.73404,0,0,0,1
133187174899634012,585.048,584.999,0.468812,0.10344,-0.87722,6.44045,0.0132825,0.992183,0.124095,0.220988,0.883198,-0.0698291,0.463773,-3.73456,0,0,0,1
133187174899967208,585.048,584.999,0.466849,0.103776,-0.878227,6.44157,0.013334,0.992153,0.124327,0.221026,0.884237,-0.0697523,0.461801,-3.73501,0,0,0,1
133187174900300407,585.048,584.999,0.464639,0.10367,-0.879411,6.44249,0.0124643,0.99226,0.123559,0.221103,0.885413,-0.068372,0.45975,-3.73532,0,0,0,1
133187174900633603,585.048,584.999,0.461938,0.10325,-0.880882,6.44321,0.0107703,0.992476,0.121978,0.221171,0.886847,-0.0658341,0.45735,-3.73538,0,0,0,1
133187174900966800,585.048,584.999,0.459087,0.102916,-0.88241,6.44363,0.0094739,0.992645,0.120702,0.221258,0.888341,-0.063773,0.454735,-3.73541,0,0,0,1
133187174901299998,585.048,584.999,0.455985,0.100986,-0.884239,6.44371,0.00927094,0.99295,0.118182,0.221577,0.889939,-0.0620873,0.451834,-3.73543,0,0,0,1
133187174903299181,585.048,584.999,0.45743,0.0928788,-0.884382,6.44111,0.0275227,0.992576,0.118477,0.22063,0.88882,-0.0785358,0.451478,-3.73687,0,0,0,1
133187174903632378,585.048,584.999,0.456425,0.0962765,-0.884538,6.44116,0.025984,0.992263,0.121409,0.220154,0.889382,-0.0783985,0.450392,-3.73644,0,0,0,1
133187174903965575,585.048,584.999,0.454644,0.101919,-0.884823,6.44135,0.0231005,0.991749,0.126105,0.219496,0.890374,-0.077773,0.448538,-3.73595,0,0,0,1
133187174904298773,585.048,584.999,0.452635,0.108215,-0.885105,6.4415,0.0203232,0.9911,0.131567,0.218663,0.891464,-0.0775403,0.446407,-3.73554,0,0,0,1
133187174904631969,585.048,584.999,0.451878,0.114032,-0.884762,6.44143,0.0187297,0.990366,0.137209,0.217824,0.891884,-0.0785732,0.445388,-3.73544,0,0,0,1
133187174905298364,585.048,584.999,0.451373,0.117978,-0.884502,6.44105,0.0185717,0.989766,0.141496,0.21713,0.892142,-0.0802945,0.444562,-3.73553,0,0,0,1
133187174905631561,585.048,584.999,0.450523,0.119142,-0.884779,6.44076,0.0191369,0.98954,0.142993,0.216977,0.89256,-0.0813538,0.443531,-3.73552,0,0,0,1
133187174905964758,585.048,584.999,0.449984,0.119852,-0.884958,6.44037,0.0201414,0.98934,0.14423,0.216879,0.89281,-0.0827262,0.442773,-3.73549,0,0,0,1
133187174906297956,585.048,584.999,0.448976,0.120436,-0.885391,6.44007,0.0206527,0.989213,0.145031,0.21686,0.893306,-0.0834012,0.441645,-3.73547,0,0,0,1
133187174906631153,585.048,584.999,0.447699,0.121414,-0.885903,6.4397,0.0210094,0.989039,0.146166,0.216728,0.893938,-0.0840509,0.440241,-3.73533,0,0,0,1
133187174906964350,585.048,584.999,0.445957,0.123193,-0.886536,6.4395,0.0215833,0.988716,0.148248,0.216515,0.894794,-0.0852472,0.438266,-3.73515,0,0,0,1
133187174907297546,585.048,584.999,0.442548,0.124992,-0.887991,6.43943,0.0220287,0.988426,0.150107,0.216283,0.896474,-0.0859912,0.434672,-3.73475,0,0,0,1
133187174907963942,585.048,584.999,0.434054,0.129708,-0.891501,6.43949,0.0239447,0.987572,0.155343,0.215534,0.900569,-0.0887744,0.425553,-3.73343,0,0,0,1
133187174908297139,585.048,584.999,0.430877,0.13119,-0.892823,6.43948,0.0244178,0.98732,0.15686,0.215291,0.90208,-0.0893884,0.42221,-3.7328,0,0,0,1
133187174908630336,585.048,584.999,0.428774,0.131951,-0.893724,6.43937,0.0250836,0.987157,0.157779,0.215203,0.903064,-0.0900698,0.419957,-3.73223,0,0,0,1
133187174908963533,585.048,584.999,0.428119,0.131032,-0.894173,6.43922,0.0254965,0.987289,0.156884,0.215394,0.903363,-0.0899638,0.419336,-3.73175,0,0,0,1
133187174909296731,585.048,584.999,0.428663,0.129187,-0.894181,6.43899,0.0248019,0.98767,0.154584,0.215786,0.903124,-0.0884421,0.420173,-3.73132,0,0,0,1
133187174909629927,585.048,584.999,0.429834,0.127335,-0.893884,6.43864,0.0238473,0.988061,0.152218,0.216196,0.902593,-0.0867455,0.421665,-3.7309,0,0,0,1
133187174910962716,585.048,584.999,0.434584,0.118668,-0.89278,6.43727,0.0213403,0.989648,0.141931,0.217999,0.900379,-0.0807335,0.427552,-3.72948,0,0,0,1
133187174911295913,585.048,584.999,0.434474,0.115918,-0.893194,6.43711,0.0216371,0.990056,0.139013,0.218419,0.900424,-0.0797241,0.427645,-3.72901,0,0,0,1
133187174911629111,585.048,584.999,0.435098,0.114273,-0.893102,6.437,0.0203591,0.990413,0.136642,0.218746,0.900153,-0.0776358,0.4286,-3.7286,0,0,0,1
133187174911962308,585.048,584.999,0.436945,0.113311,-0.892323,6.43687,0.0186406,0.990681,0.134928,0.219043,0.899295,-0.0755901,0.430761,-3.72837,0,0,0,1
133187174912295505,585.048,584.999,0.439286,0.11195,-0.891344,6.43669,0.0171369,0.990982,0.13291,0.219346,0.898184,-0.0736607,0.433405,-3.72836,0,0,0,1
133187174912628702,585.048,584.999,0.442083,0.110926,-0.890089,6.43659,0.0152185,0.991255,0.131092,0.219621,0.896845,-0.0714998,0.436529,-3.7285,0,0,0,1
133187174912961899,585.048,584.999,0.446363,0.109528,-0.888123,6.4364,0.0130622,0.991579,0.128851,0.219896,0.894756,-0.0691156,0.441174,-3.72905,0,0,0,1
133187174913295097,585.048,584.999,0.452769,0.109324,-0.8849,6.43616,0.011627,0.991648,0.128461,0.219954,0.891552,-0.0684522,0.447716,-3.73001,0,0,0,1
133187174913628294,585.048,584.999,0.459665,0.108051,-0.881495,6.43597,0.0110083,0.991803,0.127313,0.22013,0.888024,-0.0682255,0.454707,-3.73128,0,0,0,1
133187174913961491,585.048,584.999,0.465059,0.105082,-0.879021,6.43602,0.0109987,0.992169,0.124427,0.220554,0.885212,-0.0675341,0.460261,-3.73266,0,0,0,1
133187174914294688,585.048,584.999,0.469401,0.103198,-0.876934,6.43622,0.0129228,0.992239,0.123684,0.220749,0.882891,-0.0693902,0.464424,-3.73392,0,0,0,1
133187174914627886,585.048,584.999,0.471003,0.0996811,-0.876482,6.43687,0.0153831,0.992517,0.121144,0.221252,0.881997,-0.0705426,0.465945,-3.73496,0,0,0,1
133187174914961083,585.048,584.999,0.469069,0.094984,-0.878039,6.4381,0.0171643,0.993033,0.116593,0.221944,0.882995,-0.0697615,0.46417,-3.73556,0,0,0,1
133187174915294278,585.048,584.999,0.46604,0.0936705,-0.879791,6.43962,0.0171827,0.993235,0.11485,0.222256,0.884597,-0.0686425,0.461278,-3.73601,0,0,0,1
133187174915627477,585.048,584.999,0.463601,0.0950174,-0.880935,6.44115,0.0158925,0.993183,0.115488,0.222231,0.885902,-0.0675409,0.45893,-3.73653,0,0,0,1
133187174915960674,585.048,584.999,0.461836,0.0960312,-0.881752,6.44265,0.0133277,0.993259,0.115156,0.222312,0.886865,-0.0649352,0.457443,-3.73729,0,0,0,1
133187174916293871,585.048,584.999,0.460689,0.0978951,-0.882147,6.44399,0.0101718,0.993253,0.115537,0.222332,0.887503,-0.0622,0.456584,-3.73828,0,0,0,1
133187174916627069,585.048,584.999,0.459527,0.0991035,-0.882617,6.44517,0.00739132,0.993295,0.115379,0.222302,0.888133,-0.0595439,0.455714,-3.73952,0,0,0,1
133187174916960265,585.048,584.999,0.458737,0.101799,-0.882721,6.44614,0.0049614,0.993108,0.117108,0.222022,0.888558,-0.0581016,0.45507,-3.74085,0,0,0,1
133187174917293463,585.048,584.999,0.457482,0.106412,-0.882829,6.44698,0.00307886,0.99262,0.121241,0.221451,0.889214,-0.0581841,0.453778,-3.74205,0,0,0,1
133187174917626660,585.048,584.999,0.455221,0.108989,-0.883683,6.44776,0.0020374,0.992351,0.123441,0.221047,0.890376,-0.0579937,0.451517,-3.74302,0,0,0,1
133187174917959857,585.048,584.999,0.451885,0.109753,-0.885299,6.44849,0.00161324,0.992302,0.123842,0.22084,0.892075,-0.0573908,0.448229,-3.74369,0,0,0,1
133187174918293054,585.048,584.999,0.447963,0.110897,-0.887148,6.44911,0.00138868,0.992191,0.124729,0.220675,0.894051,-0.0571063,0.44431,-3.74414,0,0,0,1
133187174918626251,585.048,584.999,0.44447,0.111007,-0.888889,6.4496,0.0016607,0.99219,0.124738,0.220711,0.895792,-0.0569187,0.440814,-3.74456,0,0,0,1
133187174918959449,585.048,584.999,0.442125,0.110405,-0.890133,6.44987,0.00254268,0.992239,0.124332,0.220798,0.89695,-0.057234,0.438413,-3.74501,0,0,0,1
133187174919292646,585.048,584.999,0.44086,0.109986,-0.890812,6.4499,0.00346728,0.992249,0.124226,0.220882,0.897569,-0.0578554,0.437062,-3.74562,0,0,0,1
133187174919625843,585.048,584.999,0.440655,0.10907,-0.891026,6.44971,0.00481901,0.992291,0.123849,0.221034,0.897664,-0.0588689,0.436732,-3.7463,0,0,0,1
133187174919959040,585.048,584.999,0.440683,0.106897,-0.891276,6.44944,0.00648362,0.992481,0.12224,0.221384,0.89764,-0.0596482,0.436676,-3.74704,0,0,0,1
133187174920292237,585.048,584.999,0.440368,0.103695,-0.891809,6.44923,0.00883764,0.99276,0.119797,0.221764,0.897774,-0.0606365,0.436263,-3.74769,0,0,0,1
133187174920625435,585.048,584.999,0.440044,0.100773,-0.892304,6.44901,0.0117832,0.992951,0.11795,0.222041,0.897899,-0.062418,0.435754,-3.74826,0,0,0,1
133187174921291829,585.048,584.999,0.438688,0.0975725,-0.893327,6.44875,0.0160649,0.993079,0.116356,0.222265,0.898496,-0.0653958,0.434084,-3.74882,0,0,0,1
133187174921625026,585.048,584.999,0.437842,0.0958941,-0.893923,6.44866,0.0168554,0.993246,0.114804,0.2224,0.898894,-0.065334,0.433269,-3.74883,0,0,0,1
133187174921958223,585.048,584.999,0.436786,0.095416,-0.894492,6.44844,0.0163074,0.993357,0.113925,0.222422,0.899418,-0.0643479,0.432328,-3.74877,0,0,0,1
133187174922291420,585.048,584.999,0.435533,0.0958424,-0.895056,6.44815,0.0159236,0.993341,0.114115,0.222421,0.900032,-0.0639536,0.431106,-3.74866,0,0,0,1
133187174922624617,585.048,584.999,0.434403,0.0947128,-0.895725,6.44782,0.016704,0.993439,0.113146,0.222619,0.900563,-0.0641136,0.429971,-3.74854,0,0,0,1
133187174922957815,585.048,584.999,0.433457,0.0927468,-0.896389,6.44745,0.0174008,0.993644,0.111224,0.222905,0.901006,-0.0638091,0.429088,-3.74845,0,0,0,1
133187174923291012,585.048,584.999,0.433649,0.0917376,-0.8964,6.44698,0.0178068,0.993739,0.110313,0.22305,0.900906,-0.0637997,0.4293,-3.74853,0,0,0,1
133187174923624209,585.048,584.999,0.43614,0.09246,-0.895116,6.4464,0.0177604,0.993631,0.111289,0.222934,0.899704,-0.0644358,0.43172,-3.74864,0,0,0,1
133187174923957406,585.048,584.999,0.440538,0.0942334,-0.892775,6.44568,0.0173284,0.993399,0.113405,0.22266,0.897567,-0.0654299,0.435997,-3.74892,0,0,0,1
133187174924290603,585.048,584.999,0.445859,0.0956954,-0.889973,6.44481,0.0168255,0.993199,0.115224,0.222361,0.894945,-0.0663483,0.441216,-3.74922,0,0,0,1
133187174924623800,585.048,584.999,0.450651,0.096002,-0.887523,6.44401,0.0169574,0.993102,0.116032,0.222214,0.892539,-0.0673405,0.445914,-3.74938,0,0,0,1
133187174924956998,585.048,584.999,0.453776,0.0953999,-0.885995,6.44334,0.0169892,0.993147,0.115639,0.222255,0.890954,-0.0675266,0.449045,-3.74928,0,0,0,1
133187174925290195,585.048,584.999,0.454525,0.0955331,-0.885596,6.44282,0.0161422,0.993186,0.115424,0.222229,0.890588,-0.0667589,0.449885,-3.74881,0,0,0,1
133187174925623392,585.048,584.999,0.454462,0.0953867,-0.885644,6.44237,0.0155517,0.99325,0.114956,0.222305,0.89063,-0.066017,0.449911,-3.74837,0,0,0,1
133187174926289786,585.048,584.999,0.454659,0.0917394,-0.885928,6.44146,0.0151469,0.993742,0.110677,0.223084,0.890537,-0.0637397,0.450424,-3.74784,0,0,0,1
133187174926622984,585.048,584.999,0.454582,0.0892081,-0.886226,6.44113,0.0163945,0.993967,0.108463,0.223488,0.890554,-0.0638348,0.450377,-3.74774,0,0,0,1
133187174926956181,585.048,584.999,0.454013,0.0875368,-0.886685,6.44087,0.0174952,0.994096,0.107099,0.223664,0.890823,-0.0641373,0.4498,-3.74768,0,0,0,1
133187174927289378,585.048,584.999,0.453476,0.0871152,-0.887001,6.44064,0.0187026,0.994064,0.107192,0.223597,0.891072,-0.0651985,0.449155,-3.74772,0,0,0,1
133187174927622575,585.048,584.999,0.453618,0.0878171,-0.886859,6.44041,0.0204755,0.993845,0.108884,0.223332,0.890961,-0.0675509,0.449028,-3.74775,0,0,0,1
133187174929288561,585.048,584.999,0.454592,0.0895579,-0.886186,6.43984,0.021058,0.993575,0.111213,0.22295,0.89045,-0.0692181,0.449785,-3.74706,0,0,0,1
133187174929621758,585.048,584.999,0.452104,0.0903262,-0.88738,6.43997,0.0198699,0.993594,0.111261,0.222985,0.891744,-0.0679339,0.447413,-3.74656,0,0,0,1
133187174931287744,585.048,584.999,0.451769,0.0873375,-0.88785,6.43964,0.0209452,0.993885,0.108426,0.223505,0.891889,-0.06758,0.447177,-3.74694,0,0,0,1
133187174931620941,585.048,584.999,0.453187,0.0872992,-0.88713,6.43953,0.0212839,0.993851,0.108674,0.223464,0.891162,-0.0681315,0.448542,-3.74723,0,0,0,1
133187174931954138,585.048,584.999,0.453774,0.0874267,-0.886818,6.43947,0.0214757,0.993815,0.108964,0.223395,0.890858,-0.0684903,0.44909,-3.7474,0,0,0,1
133187174932287335,585.048,584.999,0.453672,0.087816,-0.886831,6.43949,0.0214169,0.993773,0.109361,0.223386,0.890911,-0.0686079,0.448966,-3.7474,0,0,0,1
133187174932620533,585.048,584.999,0.453158,0.0873165,-0.887144,6.4394,0.0210573,0.993866,0.108577,0.223559,0.891181,-0.0678836,0.448539,-3.74736,0,0,0,1
133187174932953729,585.048,584.999,0.452721,0.084789,-0.887612,6.43926,0.0209212,0.994185,0.10564,0.224051,0.891407,-0.0663957,0.448315,-3.7472,0,0,0,1
133187174933286927,585.048,584.999,0.452395,0.0807563,-0.888154,6.43893,0.0207111,0.994673,0.100991,0.224738,0.891578,-0.0640827,0.448312,-3.74702,0,0,0,1
133187174933620124,585.048,584.999,0.452182,0.0743039,-0.888825,6.43845,0.020778,0.995378,0.0937817,0.225784,0.891684,-0.0608749,0.448547,-3.74682,0,0,0,1
133187174933953321,585.048,584.999,0.452293,0.0665767,-0.889381,6.43787,0.0212247,0.996125,0.085361,0.226939,0.891617,-0.0574854,0.449127,-3.74657,0,0,0,1
133187174934286518,585.048,584.999,0.452424,0.0608367,-0.889726,6.43723,0.021598,0.996631,0.079129,0.227932,0.891541,-0.0550165,0.449586,-3.74644,0,0,0,1
133187174934619715,585.048,584.999,0.452657,0.057161,-0.889851,6.43663,0.0218824,0.996932,0.0751706,0.228561,0.891416,-0.053499,0.450017,-3.74632,0,0,0,1
133187174934952912,585.048,584.999,0.452986,0.0556527,-0.889779,6.43607,0.0223064,0.997031,0.0737168,0.228786,0.891239,-0.0532408,0.450399,-3.74632,0,0,0,1
133187174935286110,585.048,584.999,0.453277,0.0557023,-0.889627,6.43571,0.0227508,0.996999,0.0740168,0.228801,0.891079,-0.0537904,0.45065,-3.74635,0,0,0,1
133187174935619307,585.048,584.999,0.453599,0.056386,-0.88942,6.43537,0.0233895,0.9969,0.0751282,0.228693,0.890899,-0.0548816,0.450874,-3.74651,0,0,0,1
133187174936952096,585.048,584.999,0.455379,0.0553272,-0.888577,6.43428,0.0253658,0.996857,0.0750685,0.228731,0.889936,-0.0567245,0.452544,-3.74702,0,0,0,1
133187174937285292,585.048,584.999,0.455433,0.0551481,-0.88856,6.43415,0.0252651,0.996878,0.0748203,0.228794,0.889911,-0.0565256,0.452618,-3.74697,0,0,0,1
133187174937618490,585.048,584.999,0.455188,0.0550641,-0.888691,6.43411,0.02505,0.9969,0.0745994,0.228845,0.890042,-0.0562189,0.452398,-3.74692,0,0,0,1
133187174937951687,585.048,584.999,0.454876,0.0554301,-0.888828,6.43412,0.0248464,0.996884,0.0748841,0.228741,0.890208,-0.0561477,0.452081,-3.7468,0,0,0,1
133187174938284884,585.048,584.999,0.454562,0.056596,-0.888915,6.43426,0.0246094,0.996802,0.0760493,0.2286,0.890375,-0.0564452,0.451715,-3.74679,0,0,0,1
133187174938618081,585.048,584.999,0.454277,0.0578115,-0.888982,6.43445,0.0243312,0.996716,0.0772508,0.228464,0.890528,-0.0567237,0.451378,-3.7467,0,0,0,1
133187174938951278,585.048,584.999,0.454025,0.0585818,-0.889061,6.43455,0.0240854,0.996666,0.0779717,0.228332,0.890663,-0.0568149,0.4511,-3.74661,0,0,0,1
133187174940284067,585.048,584.999,0.453689,0.0614146,-0.889041,6.43486,0.0228806,0.996492,0.0805133,0.227873,0.890866,-0.0568702,0.450692,-3.74639,0,0,0,1
133187174940617264,585.048,584.999,0.454075,0.0616076,-0.888831,6.43489,0.023069,0.99646,0.0808526,0.227751,0.890665,-0.0572179,0.451046,-3.74645,0,0,0,1
133187174941283659,585.048,584.999,0.455076,0.0627089,-0.888242,6.43486,0.0223729,0.996398,0.0818067,0.227573,0.890171,-0.0571011,0.452034,-3.7467,0,0,0,1
133187174941616856,585.048,584.999,0.455547,0.0628244,-0.887992,6.4347,0.0226572,0.996367,0.0821148,0.227479,0.889924,-0.0575269,0.452468,-3.74688,0,0,0,1
133187174941950053,585.048,584.999,0.455904,0.0626599,-0.88782,6.43455,0.0231861,0.996345,0.0822252,0.227436,0.889727,-0.0580722,0.452784,-3.7471,0,0,0,1
133187174943282841,585.048,584.999,0.460358,0.0624261,-0.885536,6.43376,0.0256629,0.996173,0.0835664,0.227235,0.887363,-0.0611962,0.456994,-3.74818,0,0,0,1
133187174943616038,585.048,584.999,0.461122,0.0627428,-0.885116,6.4336,0.0256675,0.996138,0.0839844,0.22717,0.886966,-0.0614462,0.45773,-3.74843,0,0,0,1
133187174943949236,585.048,584.999,0.46145,0.0636205,-0.884882,6.43354,0.0256646,0.996052,0.0849967,0.22703,0.886795,-0.0619323,0.457995,-3.7485,0,0,0,1
133187174944282432,585.048,584.999,0.461446,0.0641851,-0.884844,6.43352,0.0255665,0.996004,0.0855813,0.226912,0.8868,-0.0621137,0.457962,-3.74851,0,0,0,1
133187174944615630,585.048,584.999,0.461287,0.0647496,-0.884885,6.43356,0.0252236,0.995975,0.0860271,0.226821,0.886893,-0.0620035,0.457797,-3.74851,0,0,0,1
133187174945282024,585.048,584.999,0.460873,0.0656694,-0.885034,6.43364,0.0246398,0.995928,0.0867286,0.226698,0.887125,-0.0617783,0.457378,-3.74843,0,0,0,1
133187174945615221,585.048,584.999,0.460676,0.0660947,-0.885105,6.4337,0.0245226,0.995897,0.0871312,0.226648,0.88723,-0.0618446,0.457164,-3.74838,0,0,0,1
133187174945948419,585.048,584.999,0.460568,0.0663214,-0.885144,6.43381,0.0246247,0.995867,0.0874306,0.226616,0.887283,-0.0620643,0.457032,-3.74837,0,0,0,1
133187174946281615,585.048,584.999,0.460446,0.0662781,-0.885211,6.43389,0.0247578,0.995863,0.0874407,0.226586,0.887343,-0.0621779,0.4569,-3.74831,0,0,0,1
133187174946614813,585.048,584.999,0.460215,0.0662718,-0.885331,6.43404,0.0249512,0.995852,0.087515,0.226553,0.887458,-0.062366,0.456652,-3.74824,0,0,0,1
133187174946948010,585.048,584.999,0.459877,0.0664135,-0.885496,6.43425,0.0250751,0.995831,0.0877113,0.226541,0.887629,-0.0625407,0.456295,-3.74815,0,0,0,1
133187174947281207,585.048,584.999,0.459397,0.0667461,-0.88572,6.43453,0.0249417,0.995812,0.0879788,0.226514,0.887881,-0.0625089,0.455808,-3.74801,0,0,0,1
133187174947614404,585.048,584.999,0.458785,0.0671728,-0.886005,6.43479,0.0246588,0.995793,0.0882649,0.22645,0.888206,-0.0623428,0.455198,-3.74797,0,0,0,1
133187174947947601,585.048,584.999,0.458193,0.0678159,-0.886262,6.43517,0.0243021,0.995758,0.0887583,0.226403,0.888521,-0.0622068,0.454601,-3.74778,0,0,0,1
133187174948280799,585.048,584.999,0.457522,0.0685159,-0.886555,6.43547,0.0238857,0.995722,0.0892791,0.226213,0.888878,-0.0620234,0.453928,-3.74759,0,0,0,1
133187174948613996,585.048,584.999,0.456851,0.0691452,-0.886852,6.43588,0.0235048,0.99569,0.0897389,0.226174,0.889233,-0.0618431,0.453256,-3.74741,0,0,0,1
133187174948947193,585.048,584.999,0.456299,0.069613,-0.887099,6.43618,0.0231451,0.99567,0.0900378,0.22614,0.889525,-0.0616165,0.452712,-3.74728,0,0,0,1
133187174949280390,585.048,584.999,0.455927,0.0702408,-0.887242,6.43641,0.0229081,0.995626,0.0905931,0.226989,0.889722,-0.0616291,0.452324,-3.74723,0,0,0,1
133187174949613586,585.048,584.999,0.455752,0.0705264,-0.887309,6.43666,0.0226366,0.995617,0.0907619,0.226966,0.889819,-0.0614509,0.452158,-3.74712,0,0,0,1
133187174951279573,585.048,584.999,0.461225,0.0683551,-0.884647,6.43663,0.0222468,0.995826,0.0885443,0.227063,0.887005,-0.0605196,0.457778,-3.74815,0,0,0,1
133187174951612770,585.048,584.999,0.467797,0.0667492,-0.881313,6.43608,0.0217998,0.995971,0.0870044,0.227273,0.883567,-0.0599131,0.464457,-3.74919,0,0,0,1
133187174951945967,585.048,584.999,0.478061,0.0630613,-0.876061,6.43513,0.021296,0.996296,0.0833372,0.227776,0.878068,-0.0584972,0.474947,-3.75073,0,0,0,1
133187174952279164,585.048,584.999,0.494346,0.0566784,-0.867416,6.43344,0.0217769,0.996753,0.0775403,0.22858,0.868992,-0.0572217,0.491507,-3.75305,0,0,0,1
133187174952612361,585.048,584.999,0.514511,0.0495167,-0.856054,6.43136,0.0235786,0.997138,0.0718488,0.229463,0.85716,-0.0571517,0.511871,-3.75591,0,0,0,1
133187174952945559,585.048,584.999,0.534865,0.0425712,-0.843865,6.42908,0.0258099,0.997442,0.0666779,0.230289,0.844543,-0.057444,0.532398,-3.75892,0,0,0,1
133187174954278347,585.048,584.999,0.58565,0.0264284,-0.810134,6.42318,0.0351403,0.997703,0.0579504,0.231596,0.809802,-0.0624072,0.583375,-3.76665,0,0,0,1
133187174954611544,585.048,584.999,0.589668,0.0262235,-0.807221,6.4229,0.0362727,0.997606,0.0589053,0.231358,0.806831,-0.0640148,0.587305,-3.76732,0,0,0,1
133187174954944741,585.048,584.999,0.591035,0.0272833,-0.806185,6.42301,0.03646,0.997505,0.0604878,0.23107,0.805821,-0.0651441,0.588565,-3.76767,0,0,0,1
133187174955277939,585.048,584.999,0.590888,0.0288147,-0.80624,6.42342,0.0358484,0.997439,0.0619211,0.230778,0.805957,-0.065491,0.588341,-3.7677,0,0,0,1
133187174955611136,585.048,584.999,0.589879,0.0309299,-0.8069,6.42392,0.0342492,0.99741,0.0632701,0.230512,0.806765,-0.0649576,0.587292,-3.76764,0,0,0,1
133187174955944333,585.048,584.999,0.588192,0.0329912,-0.808049,6.42451,0.0326006,0.997389,0.0644521,0.23027,0.808064,-0.0642533,0.585581,-3.7674,0,0,0,1
133187174956277530,585.048,584.999,0.586119,0.0343002,-0.809499,6.42513,0.0315305,0.997383,0.0650909,0.230148,0.809611,-0.0636753,0.583503,-3.76718,0,0,0,1
133187174956610727,585.048,584.999,0.584183,0.0350648,-0.810866,6.42571,0.0308282,0.997388,0.0653407,0.230104,0.811037,-0.0631686,0.581575,-3.76702,0,0,0,1
133187174957610319,585.048,584.999,0.581822,0.0367346,-0.812487,6.42728,0.0299971,0.997332,0.0665731,0.22987,0.812762,-0.0631061,0.579168,-3.76697,0,0,0,1
133187174957943516,585.048,584.999,0.581736,0.0370972,-0.812532,6.42773,0.0299371,0.997307,0.066967,0.229788,0.812826,-0.0632822,0.579059,-3.76711,0,0,0,1
133187174958276713,585.048,584.999,0.581293,0.0376115,-0.812826,6.42836,0.0299081,0.99727,0.0675349,0.229692,0.813145,-0.0635678,0.578581,-3.7671,0,0,0,1
133187174958609910,585.048,584.999,0.58023,0.0384121,-0.813547,6.42905,0.0298826,0.997212,0.0683964,0.229565,0.813904,-0.0639968,0.577464,-3.76705,0,0,0,1
133187174958943107,585.048,584.999,0.578644,0.0401025,-0.814595,6.42978,0.029249,0.997129,0.0698655,0.231105,0.815057,-0.0642534,0.575809,-3.76741,0,0,0,1
133187174959276304,585.048,584.999,0.576564,0.0413283,-0.816007,6.43063,0.02864,0.997085,0.0707354,0.230973,0.816551,-0.0641541,0.573699,-3.76715,0,0,0,1
133187174959609501,585.048,584.999,0.573306,0.0424401,-0.818243,6.43171,0.0281798,0.997047,0.0714585,0.229026,0.818858,-0.0640255,0.570416,-3.76602,0,0,0,1
133187174960609093,585.048,584.999,0.538111,0.0561934,-0.841,6.43762,0.0256495,0.996223,0.0829766,0.227212,0.842486,-0.0662219,0.534636,-3.76091,0,0,0,1
133187174960942290,585.048,584.999,0.516798,0.0668104,-0.853498,6.44063,0.0235384,0.995466,0.0921761,0.225751,0.855785,-0.0677266,0.512881,-3.7578,0,0,0,1
133187174961275487,585.048,584.999,0.491116,0.0815835,-0.867266,6.4441,0.0196906,0.994312,0.104685,0.223811,0.870872,-0.0684898,0.486716,-3.75411,0,0,0,1
133187174961941882,585.048,584.999,0.436534,0.114712,-0.892346,6.45107,0.0130972,0.990924,0.133791,0.219348,0.899594,-0.0700918,0.431069,-3.74633,0,0,0,1
133187174962275078,585.048,584.999,0.416263,0.124756,-0.900646,6.45376,0.0101669,0.989843,0.141811,0.217963,0.909188,-0.0681876,0.410766,-3.74328,0,0,0,1
133187174962608276,585.048,584.999,0.404148,0.131427,-0.905204,6.45564,0.00559928,0.989251,0.14613,0.217195,0.914678,-0.0641268,0.399068,-3.74133,0,0,0,1
133187174962941473,585.048,584.999,0.399319,0.13668,-0.906568,6.45679,0.00117698,0.98875,0.149589,0.216723,0.916812,-0.060801,0.394665,-3.74043,0,0,0,1
133187174963274670,585.048,584.999,0.400264,0.138827,-0.905824,6.45732,-0.00134016,0.988548,0.150913,0.216552,0.9164,-0.0591913,0.395866,-3.74042,0,0,0,1
133187174963607867,585.048,584.999,0.403409,0.138687,-0.90445,6.45758,-0.00193428,0.988576,0.150724,0.216648,0.915019,-0.0590541,0.399068,-3.7409,0,0,0,1
133187174964940656,585.048,584.999,0.409344,0.135008,-0.902337,6.45866,0.00115816,0.988915,0.148488,0.21702,0.912381,-0.0618278,0.404649,-3.7425,0,0,0,1
133187174965273853,585.048,584.999,0.408763,0.135186,-0.902574,6.45909,0.00109486,0.988897,0.148611,0.216949,0.912642,-0.061735,0.404076,-3.74259,0,0,0,1
133187174965607051,585.048,584.999,0.408067,0.135586,-0.902829,6.45952,0.000798985,0.988859,0.148867,0.216925,0.912953,-0.0614691,0.403411,-3.74268,0,0,0,1
133187174965940246,585.048,584.999,0.407712,0.135767,-0.902962,6.45985,0.000561085,0.988849,0.148934,0.216933,0.913112,-0.0612288,0.403088,-3.74286,0,0,0,1
133187174966273445,585.048,584.999,0.40798,0.135153,-0.902933,6.46006,0.000675369,0.988939,0.148331,0.217027,0.912992,-0.0611263,0.403375,-3.74318,0,0,0,1
133187174966606641,585.048,584.999,0.408683,0.133985,-0.90279,6.46017,0.00127028,0.989083,0.147367,0.217184,0.912677,-0.0613731,0.40405,-3.74359,0,0,0,1
133187174966939839,585.048,584.999,0.409704,0.132368,-0.902564,6.46015,0.00229407,0.989264,0.146125,0.217342,0.912216,-0.0619386,0.405001,-3.74408,0,0,0,1
133187174967273036,585.048,584.999,0.411114,0.130638,-0.902175,6.46013,0.00345647,0.989448,0.144851,0.217552,0.911578,-0.0626686,0.406324,-3.74463,0,0,0,1
133187174968605824,585.048,584.999,0.418265,0.101732,-0.902611,6.4581,0.0101795,0.993122,0.11665,0.222006,0.908269,-0.0579789,0.414352,-3.74623,0,0,0,1
133187174968939022,585.048,584.999,0.420347,0.0776849,-0.904032,6.45628,0.0138655,0.995662,0.092006,0.225838,0.907258,-0.0512094,0.417446,-3.74633,0,0,0,1
133187174969272219,585.048,584.999,0.422925,0.0493212,-0.904822,6.45385,0.0181658,0.997857,0.0628833,0.230262,0.905983,-0.043032,0.421122,-3.74629,0,0,0,1
133187174970271810,585.048,584.999,0.431501,-0.0116289,-0.902038,6.44603,0.0286971,0.999589,0.000841125,0.239949,0.901656,-0.026249,0.431657,-3.74577,0,0,0,1
133187174970605007,585.048,584.999,0.432637,-0.0242118,-0.901243,6.44408,0.0310458,0.999448,-0.0119466,0.24187,0.901034,-0.0228115,0.433149,-3.74542,0,0,0,1
133187174971271401,585.048,584.999,0.432339,-0.0414063,-0.90076,6.44128,0.0340076,0.998984,-0.0295987,0.244412,0.90107,-0.0178362,0.433307,-3.74449,0,0,0,1
133187174971937796,585.048,584.999,0.430953,-0.0473041,-0.901134,6.43982,0.0337892,0.998771,-0.0362704,0.245332,0.901742,-0.014818,0.432021,-3.74358,0,0,0,1
133187174972270993,585.048,584.999,0.43058,-0.0476797,-0.901293,6.43945,0.0332808,0.998764,-0.0369367,0.245319,0.901939,-0.0140918,0.431634,-3.74326,0,0,0,1
133187174972604190,585.048,584.999,0.430696,-0.0468494,-0.90128,6.43933,0.0328521,0.998804,-0.0362198,0.24519,0.901899,-0.0140095,0.43172,-3.7431,0,0,0,1
133187174973936978,585.048,584.999,0.432519,-0.0402662,-0.900725,6.43972,0.0308253,0.999079,-0.029861,0.244052,0.901098,-0.0148498,0.433362,-3.74278,0,0,0,1
133187174974270176,585.048,584.999,0.432327,-0.0391232,-0.900868,6.43993,0.0305211,0.999122,-0.0287431,0.243824,0.9012,-0.0150693,0.433141,-3.74276,0,0,0,1
133187174974603373,585.048,584.999,0.431981,-0.0373527,-0.901109,6.44024,0.0302138,0.999181,-0.0269338,0.243502,0.901377,-0.0155911,0.432756,-3.74271,0,0,0,1
133187174975269767,585.048,584.999,0.431817,-0.0321851,-0.901387,6.44112,0.0291139,0.99934,-0.0217355,0.242679,0.901492,-0.0168573,0.432469,-3.74288,0,0,0,1
133187174976269358,585.048,584.999,0.434452,-0.00871304,-0.900653,6.44376,0.0260758,0.999657,0.00290746,0.238853,0.900318,-0.0247485,0.434529,-3.74421,0,0,0,1
133187174976602554,585.048,584.999,0.438257,0.00991425,-0.898795,6.44545,0.0262367,0.999373,0.0238168,0.235674,0.898467,-0.0340196,0.437722,-3.74549,0,0,0,1
133187174976935753,585.048,584.999,0.443979,0.0378914,-0.895236,6.44762,0.0263113,0.998124,0.0552949,0.230847,0.895651,-0.0481048,0.442149,-3.74738,0,0,0,1
133187174977268950,585.048,584.999,0.449581,0.0752628,-0.890064,6.45014,0.0253337,0.994969,0.0969299,0.224508,0.892881,-0.0661265,0.445412,-3.74936,0,0,0,1
133187174977602147,585.048,584.999,0.453301,0.109735,-0.884577,6.45237,0.0243583,0.990498,0.135357,0.218737,0.891025,-0.0829046,0.446321,-3.75102,0,0,0,1
133187174977935344,585.048,584.999,0.454418,0.12572,-0.881873,6.45391,0.0231855,0.987987,0.152794,0.215639,0.890487,-0.0898794,0.446044,-3.75203,0,0,0,1
133187174978268542,585.048,584.999,0.45309,0.13307,-0.881477,6.45484,0.021803,0.986847,0.160184,0.214167,0.891198,-0.0917969,0.444229,-3.75235,0,0,0,1
133187174979268133,585.048,584.999,0.446466,0.134932,-0.884569,6.45479,0.0184968,0.986963,0.159887,0.214242,0.89461,-0.0877459,0.438149,-3.75144,0,0,0,1
133187174979601330,585.048,584.999,0.4459,0.131799,-0.885326,6.45421,0.0177742,0.987602,0.155977,0.21486,0.894907,-0.0852863,0.438029,-3.75126,0,0,0,1
133187174979934527,585.048,584.999,0.446139,0.129174,-0.885592,6.45365,0.0175206,0.988079,0.152949,0.215351,0.894792,-0.0837529,0.438557,-3.75121,0,0,0,1
133187174980267723,585.048,584.999,0.446567,0.127665,-0.885596,6.45322,0.0174845,0.988335,0.151293,0.215637,0.89458,-0.0830467,0.439126,-3.7512,0,0,0,1
133187174980600921,585.048,584.999,0.44699,0.126374,-0.885568,6.45273,0.0180057,0.9885,0.150151,0.215767,0.894358,-0.0830615,0.439574,-3.75124,0,0,0,1
133187174980934118,585.048,584.999,0.447146,0.125773,-0.885574,6.45235,0.018282,0.988574,0.149633,0.215815,0.894275,-0.0830979,0.439737,-3.75119,0,0,0,1
133187174981267315,585.048,584.999,0.446837,0.126082,-0.885687,6.452,0.0179081,0.988561,0.149761,0.215808,0.894437,-0.0827798,0.439467,-3.75108,0,0,0,1
133187174981600512,585.048,584.999,0.446412,0.125871,-0.885931,6.45163,0.0177213,0.98862,0.149391,0.215875,0.894652,-0.0823898,0.439101,-3.75087,0,0,0,1
133187174981933710,585.048,584.999,0.445936,0.125106,-0.886279,6.45122,0.0176182,0.988766,0.148438,0.216024,0.894891,-0.0818085,0.438722,-3.75059,0,0,0,1
133187174982266907,585.048,584.999,0.445439,0.123859,-0.886703,6.45081,0.0175624,0.988986,0.146969,0.21622,0.89514,-0.0810385,0.438358,-3.75027,0,0,0,1
133187174982600104,585.048,584.999,0.445214,0.122734,-0.886973,6.45039,0.0176205,0.98917,0.14572,0.216417,0.895251,-0.0805057,0.438229,-3.74998,0,0,0,1
133187174982933301,585.048,584.999,0.445222,0.121711,-0.88711,6.45001,0.0175349,0.989345,0.144537,0.216622,0.895249,-0.0799068,0.438344,-3.74969,0,0,0,1
133187174983266498,585.048,584.999,0.445262,0.120936,-0.887196,6.44961,0.0174241,0.98948,0.143623,0.216798,0.895231,-0.0794087,0.43847,-3.74935,0,0,0,1
133187174983599695,585.048,584.999,0.445134,0.119958,-0.887393,6.44924,0.0171217,0.989666,0.142372,0.216996,0.895301,-0.0785684,0.43848,-3.74896,0,0,0,1
133187174983932892,585.048,584.999,0.444542,0.118692,-0.88786,6.44893,0.0166604,0.989916,0.140676,0.217272,0.895603,-0.0773289,0.438082,-3.74846,0,0,0,1
133187174984266089,585.048,584.999,0.443836,0.117446,-0.888379,6.44861,0.0163765,0.990146,0.139082,0.217546,0.895959,-0.0762782,0.437539,-3.74793,0,0,0,1
133187174984599286,585.048,584.999,0.442929,0.115976,-0.889024,6.44829,0.0159239,0.990425,0.137138,0.217871,0.896416,-0.0748992,0.436841,-3.74741,0,0,0,1
133187174984932484,585.048,584.999,0.442093,0.11446,-0.889637,6.44801,0.0154602,0.990706,0.135146,0.218211,0.896836,-0.0735011,0.436214,-3.74691,0,0,0,1
133187174985265681,585.048,584.999,0.441427,0.113197,-0.890128,6.44772,0.0151711,0.990928,0.13354,0.218474,0.897169,-0.0724525,0.435705,-3.74653,0,0,0,1
133187174986265272,585.048,584.999,0.440619,0.111875,-0.890696,6.44706,0.0155451,0.991105,0.132177,0.218663,0.89756,-0.0720859,0.43496,-3.74579,0,0,0,1
133187174986598470,585.048,584.999,0.440749,0.111666,-0.890658,6.44682,0.0159044,0.991105,0.13213,0.218672,0.89749,-0.0724017,0.435053,-3.74572,0,0,0,1
133187174987264864,585.048,584.999,0.441248,0.110977,-0.890497,6.44635,0.0168209,0.991127,0.131852,0.218664,0.897227,-0.0731588,0.435467,-3.74557,0,0,0,1
133187174987598061,585.048,584.999,0.441608,0.110624,-0.890362,6.44614,0.0172665,0.991139,0.131709,0.2187,0.897042,-0.0735373,0.435784,-3.74553,0,0,0,1
133187174987931258,585.048,584.999,0.44196,0.110341,-0.890223,6.44592,0.0175319,0.991155,0.131555,0.21873,0.896864,-0.0737495,0.436116,-3.74549,0,0,0,1
133187174988264455,585.048,584.999,0.442199,0.110223,-0.890119,6.4457,0.0176306,0.991161,0.131493,0.218741,0.896744,-0.0738397,0.436347,-3.74537,0,0,0,1
133187174988930849,585.048,584.999,0.442227,0.110572,-0.890062,6.44517,0.0172252,0.991143,0.131688,0.218711,0.896738,-0.0735676,0.436405,-3.74503,0,0,0,1
133187174989264047,585.048,584.999,0.442155,0.110874,-0.890059,6.44478,0.0167507,0.991137,0.131786,0.21875,0.896782,-0.0731792,0.436379,-3.74486,0,0,0,1
133187174989597244,585.048,584.999,0.442424,0.111315,-0.889871,6.44414,0.0160365,0.991127,0.131954,0.218851,0.896663,-0.0726503,0.436713,-3.74475,0,0,0,1
133187174989930440,585.048,584.999,0.443761,0.109288,-0.889456,6.44331,0.0164423,0.991377,0.130015,0.219261,0.895995,-0.0723202,0.438137,-3.74482,0,0,0,1
133187174990263638,585.048,584.999,0.447388,0.104311,-0.888236,6.44226,0.0193021,0.991818,0.126197,0.219677,0.894132,-0.0736041,0.441714,-3.74494,0,0,0,1
133187174990596834,585.048,584.999,0.45079,0.104875,-0.886449,6.44111,0.0201702,0.991625,0.127575,0.21941,0.892403,-0.0753895,0.444898,-3.74473,0,0,0,1
133187174990930033,585.048,584.999,0.450709,0.113105,-0.885476,6.43987,0.0158155,0.990774,0.134605,0.218574,0.892531,-0.0746722,0.444762,-3.74363,0,0,0,1
133187174992262821,585.048,584.999,0.42173,0.128447,-0.897577,6.43355,-0.0060335,0.990292,0.13888,0.218492,0.906702,-0.0531547,0.418411,-3.73613,0,0,0,1
133187174992596017,585.048,584.999,0.415233,0.128513,-0.900592,6.43151,-0.00438217,0.990243,0.139286,0.218642,0.909705,-0.0538898,0.411745,-3.73496,0,0,0,1
133187174992929215,585.048,584.999,0.411467,0.127028,-0.902529,6.42941,-0.00122965,0.990317,0.138824,0.218921,0.911424,-0.0560117,0.407639,-3.73412,0,0,0,1
133187174993262412,585.048,584.999,0.409905,0.124147,-0.90364,6.42742,0.00209865,0.990564,0.137041,0.219364,0.912126,-0.0580706,0.405776,-3.73351,0,0,0,1
133187174993595610,585.048,584.999,0.410114,0.121281,-0.903935,6.42558,0.00431389,0.99085,0.134899,0.219924,0.912024,-0.0592237,0.405838,-3.73292,0,0,0,1
133187174993928806,585.048,584.999,0.411099,0.118717,-0.903827,6.42401,0.00483485,0.991187,0.132391,0.220584,0.911578,-0.0587957,0.406902,-3.73244,0,0,0,1
133187174994262003,585.048,584.999,0.411616,0.117173,-0.903794,6.42281,0.00385851,0.991468,0.130297,0.221314,0.911349,-0.0571197,0.407652,-3.73197,0,0,0,1
133187174995261595,585.048,584.999,0.413383,0.112242,-0.903613,6.4208,0.00373064,0.992157,0.124947,0.223438,0.91055,-0.055022,0.409722,-3.73217,0,0,0,1
133187174995927989,585.048,584.999,0.418687,0.106257,-0.901893,6.42012,0.0130023,0.992329,0.122947,0.224533,0.908038,-0.0632033,0.414093,-3.73413,0,0,0,1
133187174996261186,585.048,584.999,0.421318,0.103898,-0.900942,6.41994,0.0183492,0.992237,0.123007,0.224888,0.906727,-0.0683568,0.416141,-3.73521,0,0,0,1
133187174996594383,585.048,584.999,0.424129,0.101397,-0.899908,6.41981,0.0233648,0.992157,0.122803,0.225178,0.905301,-0.0731107,0.418433,-3.73621,0,0,0,1
133187174996927580,585.048,584.999,0.427254,0.0997197,-0.898616,6.41973,0.0272244,0.992031,0.12303,0.225416,0.903722,-0.0770294,0.421133,-3.73703,0,0,0,1
133187174997927171,585.048,584.999,0.441064,0.0946202,-0.892474,6.41943,0.0323887,0.992101,0.121189,0.226219,0.896891,-0.0823585,0.434516,-3.73892,0,0,0,1
133187174998260369,585.048,584.999,0.447368,0.0934132,-0.889458,6.41944,0.0342295,0.992014,0.1214,0.226291,0.893695,-0.0847564,0.440598,-3.73953,0,0,0,1
133187174998926762,585.048,584.999,0.460729,0.0930816,-0.882647,6.4197,0.0406708,0.991227,0.125762,0.225662,0.886608,-0.0938402,0.452902,-3.74075,0,0,0,1
133187174999259960,585.048,584.999,0.466587,0.0933702,-0.879533,6.42001,0.0425571,0.990892,0.127768,0.225261,0.883451,-0.0970455,0.458363,-3.74105,0,0,0,1
133187174999593157,585.048,584.999,0.471519,0.094182,-0.876812,6.4205,0.042618,0.990686,0.129332,0.224935,0.880826,-0.0983506,0.463113,-3.74129,0,0,0,1
133187174999926354,585.048,584.999,0.47619,0.0952749,-0.874166,6.42117,0.0419221,0.990524,0.130793,0.224619,0.878343,-0.0989296,0.467683,-3.74157,0,0,0,1
133187175000259551,585.048,584.999,0.480512,0.0976053,-0.871539,6.42188,0.0409463,0.990207,0.13347,0.224141,0.876032,-0.0998206,0.47181,-3.74191,0,0,0,1
133187175001259142,585.048,584.999,0.486046,0.103862,-0.86774,6.42467,0.0380354,0.989459,0.139736,0.222764,0.873106,-0.100923,0.476972,-3.74289,0,0,0,1
133187175001592340,585.048,584.999,0.485274,0.105054,-0.868028,6.42551,0.0382499,0.989256,0.141109,0.222366,0.873525,-0.101679,0.476042,-3.74311,0,0,0,1
133187175001925537,585.048,584.999,0.484359,0.10584,-0.868444,6.42605,0.0386637,0.989097,0.142108,0.222096,0.874015,-0.102409,0.474985,-3.74337,0,0,0,1
133187175002258734,585.048,584.999,0.483145,0.106097,-0.869088,6.42632,0.0393237,0.989,0.142596,0.221983,0.874657,-0.103071,0.473659,-3.7436,0,0,0,1
133187175002591931,585.048,584.999,0.48167,0.106136,-0.869902,6.42633,0.039802,0.988966,0.142701,0.222004,0.875449,-0.103359,0.472131,-3.74383,0,0,0,1
133187175002925128,585.048,584.999,0.480411,0.105033,-0.870731,6.42602,0.0409242,0.989038,0.141883,0.222121,0.876088,-0.103796,0.470846,-3.74412,0,0,0,1
133187175003258325,585.048,584.999,0.479661,0.102783,-0.871413,6.42557,0.042659,0.98921,0.140158,0.222375,0.876416,-0.104402,0.470101,-3.74452,0,0,0,1
133187175003591522,585.048,584.999,0.479245,0.0999217,-0.871975,6.42499,0.0447536,0.989424,0.137978,0.222646,0.87654,-0.105149,0.469705,-3.74507,0,0,0,1
133187175003924720,585.048,584.999,0.479329,0.0970846,-0.872249,6.4245,0.0470386,0.989593,0.135995,0.222875,0.876375,-0.106216,0.469773,-3.74556,0,0,0,1
133187175004257916,585.048,584.999,0.47949,0.095199,-0.872369,6.42396,0.0486413,0.989688,0.134737,0.222976,0.876198,-0.107038,0.469914,-3.74603,0,0,0,1
133187175004591114,585.048,584.999,0.479267,0.0943771,-0.87258,6.42358,0.0494725,0.989717,0.134219,0.22308,0.876274,-0.107496,0.469669,-3.74642,0,0,0,1
133187175004924311,585.048,584.999,0.478516,0.0936208,-0.873074,6.4233,0.0493982,0.989856,0.133218,0.223203,0.876689,-0.106875,0.469037,-3.74654,0,0,0,1
133187175005257507,585.048,584.999,0.477281,0.0930368,-0.873812,6.42306,0.0489809,0.990018,0.132163,0.223315,0.877384,-0.105879,0.46796,-3.74658,0,0,0,1
133187175005590705,585.048,584.999,0.476467,0.0926541,-0.874297,6.42291,0.0489061,0.990099,0.131579,0.223334,0.877831,-0.105452,0.467218,-3.74652,0,0,0,1
