133187174889242822,-0.121472,-0.484037,0.866576,6.38358,-0.987944,-0.0254613,-0.152706,0.22537,0.0959794,-0.874677,-0.475108,-3.76553,0,0,0,1
133187174889572734,-0.122344,-0.483768,0.866603,6.38419,-0.987961,-0.0239432,-0.152843,0.225637,0.0946895,-0.874869,-0.475015,-3.76428,0,0,0,1
133187174889885862,-0.122481,-0.483666,0.86664,6.38476,-0.988115,-0.0222917,-0.15209,0.225991,0.0928794,-0.874969,-0.475187,-3.76318,0,0,0,1
133187174890215733,-0.122662,-0.484092,0.866377,6.38535,-0.988208,-0.0210369,-0.151665,0.226299,0.0916459,-0.874764,-0.475803,-3.76223,0,0,0,1
133187174890546445,-0.1233,-0.484749,0.865919,6.38593,-0.988164,-0.0202755,-0.152057,0.226454,0.0912665,-0.874418,-0.476511,-3.76146,0,0,0,1
133187174890876194,-0.124042,-0.485032,0.865654,6.38652,-0.98811,-0.0194862,-0.152507,0.226563,0.0908395,-0.874279,-0.476848,-3.7609,0,0,0,1
133187174891223068,-0.124692,-0.484927,0.86562,6.38732,-0.988056,-0.0189226,-0.152929,0.226645,0.090539,-0.87435,-0.476776,-3.7604,0,0,0,1
133187174891866369,-0.127289,-0.484549,0.865454,6.38885,-0.987725,-0.0177169,-0.155192,0.226556,0.0905311,-0.874585,-0.476346,-3.76005,0,0,0,1
133187174894507209,-0.131797,-0.484184,0.864983,6.39484,-0.986665,-0.0199965,-0.161531,0.226046,0.0955073,-0.874738,-0.475092,-3.76317,0,0,0,1
133187174898796455,-0.138302,-0.494785,0.85794,6.40308,-0.984102,-0.0288062,-0.175252,0.223323,0.111426,-0.868538,-0.482935,-3.77119,0,0,0,1
133187174902094360,-0.126174,-0.475385,0.870683,6.40946,-0.986874,-0.0290273,-0.15886,0.225012,0.100794,-0.879299,-0.465483,-3.77512,0,0,0,1
133187174906387364,-0.151564,-0.470072,0.869518,6.40702,-0.981249,-0.0344195,-0.189647,0.220105,0.119076,-0.881957,-0.456041,-3.77449,0,0,0,1
133187174906715789,-0.152804,-0.468816,0.869979,6.40675,-0.980962,-0.0348094,-0.191056,0.219952,0.119853,-0.88261,-0.454571,-3.77441,0,0,0,1
133187174907046107,-0.154753,-0.466839,0.870697,6.40665,-0.980526,-0.0352846,-0.193192,0.219703,0.120912,-0.883638,-0.452287,-3.77425,0,0,0,1
133187174907379085,-0.15656,-0.463067,0.872386,6.40679,-0.980163,-0.0358349,-0.194924,0.219464,0.121525,-0.885598,-0.448271,-3.77395,0,0,0,1
133187174907708747,-0.159101,-0.458678,0.874243,6.40703,-0.979601,-0.0367624,-0.197563,0.21907,0.122757,-0.887842,-0.443472,-3.77343,0,0,0,1
133187174908043723,-0.161627,-0.454971,0.875716,6.40724,-0.979036,-0.0375398,-0.2002,0.21867,0.123959,-0.889715,-0.439365,-3.77291,0,0,0,1
133187174908378113,-0.163035,-0.452042,0.876971,6.40734,-0.978754,-0.0379186,-0.201503,0.218464,0.124341,-0.89119,-0.436255,-3.77241,0,0,0,1
133187174908697051,-0.163603,-0.45035,0.877735,6.4073,-0.978577,-0.0386381,-0.202224,0.218397,0.124985,-0.892016,-0.434381,-3.77193,0,0,0,1
133187174910346412,-0.154125,-0.454725,0.877195,6.4056,-0.981074,-0.0348927,-0.190464,0.220482,0.117216,-0.889948,-0.440741,-3.7698,0,0,0,1
133187174913648498,-0.138452,-0.481167,0.865626,6.40244,-0.984866,-0.0251169,-0.171486,0.223668,0.104255,-0.876269,-0.470408,-3.76991,0,0,0,1
133187174917382136,-0.138071,-0.478149,0.867358,6.4138,-0.985926,-0.0169964,-0.166315,0.225177,0.0942654,-0.878114,-0.469072,-3.78096,0,0,0,1
133187174920574999,-0.132603,-0.461359,0.877248,6.41635,-0.986354,-0.0257089,-0.162616,0.225402,0.0975774,-0.886841,-0.451655,-3.78746,0,0,0,1
133187174922886726,-0.124813,-0.454835,0.881786,6.41511,-0.987222,-0.0318058,-0.156143,0.225876,0.0990651,-0.890007,-0.445054,-3.78799,0,0,0,1
133187174925860656,-0.125331,-0.475617,0.870679,6.40871,-0.986976,-0.0294341,-0.15815,0.225682,0.100846,-0.87916,-0.465733,-3.78686,0,0,0,1
133187174926192884,-0.123443,-0.475614,0.87095,6.40825,-0.987317,-0.0294335,-0.156009,0.226085,0.0998348,-0.879162,-0.465948,-3.78663,0,0,0,1
133187174928824985,-0.119227,-0.477208,0.870666,6.40633,-0.987131,-0.0371537,-0.155539,0.225701,0.106572,-0.878005,-0.466637,-3.78638,0,0,0,1
133187174929161478,-0.120011,-0.476226,0.871095,6.40644,-0.98714,-0.0360932,-0.15573,0.225762,0.105603,-0.878582,-0.46577,-3.78599,0,0,0,1
133187174930145356,-0.120986,-0.469524,0.874591,6.40696,-0.987334,-0.0341738,-0.154928,0.226062,0.102631,-0.882258,-0.459443,-3.78498,0,0,0,1
133187174930475759,-0.119706,-0.469136,0.874976,6.40691,-0.987493,-0.0348226,-0.15377,0.226162,0.102608,-0.882439,-0.4591,-3.78503,0,0,0,1
133187174931466206,-0.118279,-0.47355,0.872789,6.40632,-0.987545,-0.0357455,-0.153225,0.226279,0.103758,-0.880041,-0.463424,-3.78593,0,0,0,1
133187174931811849,-0.118264,-0.474511,0.872268,6.40618,-0.987499,-0.0359836,-0.153462,0.226207,0.104207,-0.879513,-0.464324,-3.78614,0,0,0,1
133187174932125444,-0.118615,-0.474704,0.872116,6.40619,-0.987424,-0.0360615,-0.153927,0.226168,0.10452,-0.879406,-0.464456,-3.7862,0,0,0,1
133187174932454664,-0.118671,-0.474332,0.872311,6.40616,-0.987449,-0.0358317,-0.153819,0.226238,0.104217,-0.879616,-0.464127,-3.78621,0,0,0,1
133187174932784692,-0.117388,-0.47382,0.872763,6.40609,-0.987718,-0.0355551,-0.152152,0.226566,0.103124,-0.879904,-0.463827,-3.78609,0,0,0,1
133187174933447243,-0.109061,-0.473047,0.874261,6.40543,-0.989141,-0.0355233,-0.142613,0.227867,0.0985196,-0.880321,-0.464035,-3.78574,0,0,0,1
133187174933779790,-0.101548,-0.472887,0.875252,6.40489,-0.99028,-0.0360061,-0.134347,0.228896,0.0950455,-0.880387,-0.464634,-3.78546,0,0,0,1
133187174934105158,-0.0948354,-0.472905,0.875995,6.40425,-0.991215,-0.0366359,-0.127087,0.229909,0.092193,-0.880351,-0.465276,-3.78531,0,0,0,1
133187174934434655,-0.0900506,-0.473003,0.876447,6.40361,-0.991849,-0.0370625,-0.12191,0.230633,0.090147,-0.880281,-0.46581,-3.78514,0,0,0,1
133187174934764162,-0.0873623,-0.473227,0.876598,6.40299,-0.992174,-0.0374626,-0.119105,0.230999,0.0892038,-0.880143,-0.466251,-3.78507,0,0,0,1
133187174935094555,-0.0866792,-0.473547,0.876493,6.40254,-0.992221,-0.0378779,-0.118589,0.231113,0.0893572,-0.879954,-0.46658,-3.78504,0,0,0,1
133187174935436146,-0.0870887,-0.473828,0.8763,6.40213,-0.992107,-0.0384111,-0.119367,0.231043,0.0902195,-0.879779,-0.466743,-3.78515,0,0,0,1
133187174935755811,-0.0876651,-0.474217,0.876033,6.40177,-0.991955,-0.039063,-0.120411,0.230856,0.0913215,-0.879541,-0.466978,-3.78531,0,0,0,1
133187174936092498,-0.087405,-0.474739,0.875776,6.40151,-0.991911,-0.0397569,-0.120547,0.230814,0.0920464,-0.879228,-0.467424,-3.78548,0,0,0,1
133187174936414302,-0.0869806,-0.475228,0.875553,6.4012,-0.991903,-0.040326,-0.120427,0.230814,0.0925381,-0.878938,-0.467873,-3.78562,0,0,0,1
133187174937740833,-0.0860999,-0.475465,0.875511,6.40059,-0.992016,-0.0403626,-0.119477,0.230965,0.0921453,-0.878808,-0.468193,-3.78552,0,0,0,1
133187174938067405,-0.0867991,-0.475156,0.87561,6.40071,-0.991948,-0.0401399,-0.120114,0.230907,0.0922198,-0.878985,-0.467847,-3.78552,0,0,0,1
133187174938397010,-0.0881237,-0.474907,0.875613,6.40089,-0.991798,-0.039868,-0.12144,0.23078,0.0925815,-0.879133,-0.467498,-3.78545,0,0,0,1
133187174938725056,-0.0891496,-0.474631,0.875658,6.40101,-0.991689,-0.0395817,-0.122417,0.23064,0.0927629,-0.879294,-0.467158,-3.78537,0,0,0,1
133187174939055751,-0.0898761,-0.474423,0.875697,6.40116,-0.991622,-0.0392824,-0.123056,0.230582,0.0927799,-0.87942,-0.466918,-3.78528,0,0,0,1
133187174939384547,-0.0906204,-0.47429,0.875692,6.4013,-0.991558,-0.0389111,-0.123686,0.230491,0.092737,-0.879508,-0.46676,-3.78516,0,0,0,1
133187174939715506,-0.0914701,-0.474229,0.875637,6.40133,-0.991495,-0.0383816,-0.12436,0.230374,0.0925832,-0.879564,-0.466685,-3.78512,0,0,0,1
133187174940045937,-0.0922579,-0.474132,0.875607,6.40142,-0.991428,-0.0379646,-0.125019,0.230315,0.0925176,-0.879635,-0.466565,-3.7851,0,0,0,1
133187174940374079,-0.0926102,-0.474279,0.87549,6.40144,-0.991348,-0.0382195,-0.125571,0.230167,0.0930164,-0.879544,-0.466636,-3.78511,0,0,0,1
133187174940724847,-0.092746,-0.474741,0.875225,6.40147,-0.991318,-0.0382553,-0.125799,0.230046,0.093204,-0.879294,-0.467071,-3.78515,0,0,0,1
133187174941036320,-0.0934188,-0.475205,0.874902,6.40146,-0.991267,-0.03775,-0.126348,0.230015,0.0930689,-0.879065,-0.467529,-3.78528,0,0,0,1
133187174941365451,-0.0937541,-0.475714,0.874589,6.4013,-0.991225,-0.0376152,-0.126717,0.229914,0.0931789,-0.878796,-0.468013,-3.78541,0,0,0,1
133187174941697252,-0.0938048,-0.47614,0.874352,6.40116,-0.991173,-0.0379745,-0.127018,0.229842,0.0936817,-0.878549,-0.468375,-3.78558,0,0,0,1
133187174942355302,-0.0935291,-0.477254,0.873774,6.40087,-0.991046,-0.0393666,-0.127584,0.229685,0.0952874,-0.877883,-0.469299,-3.78599,0,0,0,1
133187174946341670,-0.0970401,-0.480917,0.87138,6.40022,-0.990407,-0.0398788,-0.132304,0.228935,0.0983769,-0.875859,-0.472433,-3.78679,0,0,0,1
133187174946671950,-0.0970652,-0.48067,0.871513,6.40038,-0.990386,-0.0400687,-0.132404,0.228891,0.0985631,-0.875986,-0.47216,-3.78673,0,0,0,1
133187174947004493,-0.0976248,-0.480335,0.871634,6.40066,-0.990289,-0.0402166,-0.133077,0.229789,0.0989761,-0.876162,-0.471745,-3.78665,0,0,0,1
133187174947343252,-0.0980325,-0.479832,0.871866,6.40098,-0.990258,-0.0400254,-0.133372,0.229782,0.098893,-0.876447,-0.471233,-3.78653,0,0,0,1
133187174947670568,-0.0984836,-0.479233,0.872145,6.40126,-0.990231,-0.0397382,-0.133654,0.229732,0.0987087,-0.876788,-0.470638,-3.78651,0,0,0,1
133187174947993168,-0.0998346,-0.478666,0.872302,6.4016,-0.990102,-0.0391231,-0.134785,0.231411,0.0986442,-0.877125,-0.470023,-3.78691,0,0,0,1
133187174948321903,-0.0998776,-0.478019,0.872653,6.40198,-0.990127,-0.0389388,-0.134653,0.229562,0.0983465,-0.877486,-0.46941,-3.78619,0,0,0,1
133187174949975009,-0.101489,-0.476342,0.873383,6.40338,-0.990056,-0.0375981,-0.135553,0.229476,0.0974075,-0.878455,-0.46779,-3.78581,0,0,0,1
133187174954591253,-0.051236,-0.607555,0.792623,6.38366,-0.993209,-0.0520172,-0.104074,0.232848,0.10446,-0.792572,-0.600764,-3.80019,0,0,0,1
133187174958220576,-0.0629182,-0.599771,0.797694,6.38939,-0.992608,-0.0455077,-0.112508,0.231593,0.103781,-0.798876,-0.592475,-3.80041,0,0,0,1
133187174958884818,-0.0647559,-0.597382,0.799338,6.39092,-0.992431,-0.0452089,-0.114185,0.231338,0.104349,-0.800681,-0.589933,-3.80031,0,0,0,1
133187174960531229,-0.0815616,-0.561615,0.823369,6.39977,-0.991134,-0.0412365,-0.126307,0.229703,0.104889,-0.826371,-0.553272,-3.79666,0,0,0,1
133187174962844611,-0.168135,-0.422181,0.890782,6.42573,-0.981111,-0.0160235,-0.192779,0.221071,0.0956613,-0.906369,-0.411513,-3.78133,0,0,0,1
133187174965184091,-0.167513,-0.431023,0.886655,6.42778,-0.981169,-0.0148308,-0.192579,0.221244,0.0961561,-0.902219,-0.420423,-3.78299,0,0,0,1
133187174970430027,-0.0140401,-0.451627,0.892096,6.41235,-0.99811,-0.0470529,-0.039529,0.241878,0.0598279,-0.890965,-0.450113,-3.78499,0,0,0,1
133187174970776024,-0.0023545,-0.452001,0.892014,6.41045,-0.998386,-0.0495571,-0.0277468,0.243354,0.0567472,-0.89064,-0.451155,-3.78454,0,0,0,1
133187174971090086,0.00577277,-0.451708,0.892147,6.40912,-0.998497,-0.051223,-0.0194741,0.244365,0.0544951,-0.890694,-0.451325,-3.78409,0,0,0,1
133187174971422572,0.0116966,-0.450991,0.892452,6.40808,-0.998566,-0.0518916,-0.0131356,0.245157,0.0522348,-0.891019,-0.450951,-3.78362,0,0,0,1
133187174973072129,0.0119526,-0.450364,0.892765,6.4066,-0.998683,-0.0499283,-0.0118164,0.24516,0.049896,-0.891448,-0.450368,-3.7823,0,0,0,1
133187174973401567,0.0104212,-0.451003,0.892462,6.40668,-0.998685,-0.0495034,-0.0133548,0.244925,0.0502029,-0.891149,-0.450926,-3.78224,0,0,0,1
133187174973730998,0.00892425,-0.451487,0.892233,6.40681,-0.998695,-0.0488831,-0.0147469,0.244703,0.0502733,-0.890937,-0.451334,-3.78216,0,0,0,1
133187174974083764,0.0077371,-0.451503,0.892236,6.407,-0.998706,-0.048346,-0.0158045,0.244526,0.0502719,-0.890959,-0.451292,-3.78213,0,0,0,1
133187174975382192,-0.00132179,-0.451128,0.892458,6.40854,-0.998615,-0.0463393,-0.024903,0.243221,0.0525903,-0.891255,-0.450442,-3.78232,0,0,0,1
133187174975710988,-0.00667977,-0.451732,0.892128,6.40924,-0.998521,-0.0451133,-0.0303202,0.242501,0.0539437,-0.891012,-0.450763,-3.78249,0,0,0,1
133187174977031202,-0.0792682,-0.466088,0.88118,6.41519,-0.992907,-0.0416648,-0.111357,0.23109,0.0886165,-0.883757,-0.459479,-3.78688,0,0,0,1
133187174977364938,-0.117543,-0.471797,0.873837,6.41759,-0.987247,-0.0396165,-0.154188,0.225168,0.107364,-0.880817,-0.461124,-3.78877,0,0,0,1
133187174977700791,-0.146983,-0.475245,0.86749,6.4196,-0.981628,-0.0377923,-0.187026,0.220515,0.121668,-0.879042,-0.460959,-3.79021,0,0,0,1
133187174978028568,-0.158854,-0.475728,0.865129,6.42101,-0.979177,-0.0362698,-0.19974,0.218323,0.1264,-0.878844,-0.46006,-3.79099,0,0,0,1
133187174978362389,-0.165227,-0.474016,0.864875,6.42188,-0.977967,-0.0347071,-0.205853,0.217296,0.127595,-0.879832,-0.457838,-3.79122,0,0,0,1
133187174978680421,-0.168149,-0.471566,0.865651,6.42227,-0.977522,-0.0335404,-0.208151,0.217019,0.127191,-0.881193,-0.455327,-3.79108,0,0,0,1
133187174979010870,-0.167706,-0.469283,0.866976,6.42225,-0.977847,-0.0325506,-0.206773,0.217335,0.125256,-0.882447,-0.453429,-3.79079,0,0,0,1
133187174979343374,-0.165201,-0.467892,0.868208,6.42186,-0.978612,-0.031651,-0.203265,0.217919,0.122586,-0.883219,-0.452656,-3.79053,0,0,0,1
133187174979671161,-0.162156,-0.467504,0.868991,6.42135,-0.979402,-0.0311308,-0.199506,0.218524,0.120323,-0.883442,-0.452827,-3.7904,0,0,0,1
133187174980033249,-0.159624,-0.467847,0.869275,6.42071,-0.979983,-0.0310189,-0.196648,0.218945,0.118965,-0.883265,-0.45353,-3.79035,0,0,0,1
133187174980331361,-0.158338,-0.468202,0.86932,6.42024,-0.980251,-0.0311091,-0.195297,0.219154,0.118482,-0.883074,-0.45403,-3.79032,0,0,0,1
133187174980662028,-0.157202,-0.468585,0.869319,6.41974,-0.980421,-0.0316503,-0.194354,0.219218,0.118586,-0.882851,-0.454435,-3.79034,0,0,0,1
133187174981020007,-0.156775,-0.468638,0.869367,6.41935,-0.980489,-0.031844,-0.19398,0.219231,0.118591,-0.882816,-0.454502,-3.79026,0,0,0,1
133187174981341261,-0.15706,-0.46828,0.869509,6.41903,-0.980492,-0.0314258,-0.194031,0.21926,0.118186,-0.883021,-0.454209,-3.79014,0,0,0,1
133187174981650608,-0.156777,-0.467892,0.869769,6.4187,-0.980582,-0.0313051,-0.193592,0.219338,0.117808,-0.883231,-0.453899,-3.78995,0,0,0,1
133187174981982738,-0.15596,-0.467387,0.870187,6.41831,-0.980788,-0.0312333,-0.192558,0.219492,0.117178,-0.883501,-0.453537,-3.78968,0,0,0,1
133187174982311156,-0.15475,-0.466917,0.870655,6.41792,-0.981069,-0.0312262,-0.191121,0.21967,0.116425,-0.883749,-0.453246,-3.78939,0,0,0,1
133187174982647130,-0.153625,-0.466715,0.870963,6.4175,-0.981309,-0.0313232,-0.189874,0.21985,0.115898,-0.883853,-0.45318,-3.78909,0,0,0,1
133187174982980828,-0.152683,-0.466725,0.871123,6.41711,-0.981526,-0.0312266,-0.188763,0.220041,0.115303,-0.883851,-0.453335,-3.7888,0,0,0,1
133187174983360714,-0.151699,-0.466743,0.871286,6.41665,-0.981747,-0.0311604,-0.187624,0.220232,0.114721,-0.883844,-0.453496,-3.78839,0,0,0,1
133187174983631948,-0.150936,-0.466565,0.871513,6.41636,-0.981957,-0.0308374,-0.186573,0.220414,0.113924,-0.883949,-0.453492,-3.78806,0,0,0,1
133187174983965835,-0.149691,-0.465935,0.872065,6.41609,-0.982289,-0.0304487,-0.18488,0.220694,0.112695,-0.884295,-0.453125,-3.78759,0,0,0,1
133187174984290763,-0.148496,-0.465226,0.872648,6.4158,-0.982591,-0.0302074,-0.183309,0.22096,0.111641,-0.884676,-0.452641,-3.78709,0,0,0,1
133187174984620527,-0.147092,-0.464311,0.873372,6.41551,-0.98296,-0.029793,-0.181387,0.221281,0.11024,-0.885171,-0.452017,-3.7866,0,0,0,1
133187174984951301,-0.14562,-0.463479,0.874061,6.41527,-0.983335,-0.0293944,-0.179412,0.221617,0.108846,-0.88562,-0.451475,-3.78613,0,0,0,1
133187174985372600,-0.144195,-0.462664,0.874729,6.41494,-0.983681,-0.0291079,-0.177551,0.221909,0.107608,-0.886056,-0.450917,-3.78567,0,0,0,1
133187174985614226,-0.143854,-0.462311,0.874971,6.4148,-0.98376,-0.0290968,-0.177113,0.221994,0.10734,-0.88624,-0.450618,-3.78548,0,0,0,1
133187174986930670,-0.14274,-0.462362,0.875127,6.41392,-0.983831,-0.0303525,-0.176507,0.22196,0.108172,-0.886172,-0.450553,-3.78491,0,0,0,1
133187174987264909,-0.142278,-0.462637,0.875056,6.41365,-0.983857,-0.0308499,-0.176279,0.221947,0.108549,-0.886011,-0.450779,-3.78484,0,0,0,1
133187174988251143,-0.141492,-0.46356,0.874695,6.41297,-0.983891,-0.0316681,-0.175939,0.22198,0.109258,-0.885499,-0.451612,-3.78462,0,0,0,1
133187174989594413,-0.142566,-0.463799,0.874395,6.4114,-0.983866,-0.0300686,-0.176363,0.222172,0.108089,-0.88543,-0.452029,-3.78398,0,0,0,1
133187174989901814,-0.140882,-0.464914,0.874075,6.41059,-0.984141,-0.0303632,-0.174772,0.222505,0.107794,-0.884835,-0.453263,-3.784,0,0,0,1
133187174990250756,-0.135557,-0.468448,0.873029,6.40932,-0.984741,-0.0333586,-0.170802,0.222769,0.109135,-0.882861,-0.456778,-3.784,0,0,0,1
133187174990560711,-0.135351,-0.471734,0.871291,6.40812,-0.984568,-0.0344211,-0.171585,0.222538,0.110933,-0.881069,-0.459795,-3.78374,0,0,0,1
133187174990901329,-0.143182,-0.4722,0.869785,6.40687,-0.983489,-0.0303879,-0.178397,0.221969,0.11067,-0.880967,-0.460053,-3.78269,0,0,0,1
133187174991231646,-0.151189,-0.468163,0.870612,6.40572,-0.982871,-0.0226991,-0.18289,0.221945,0.105384,-0.883351,-0.456712,-3.78109,0,0,0,1
133187174991567075,-0.155357,-0.461136,0.873623,6.40458,-0.983022,-0.015231,-0.182852,0.222379,0.0976258,-0.887198,-0.450941,-3.77926,0,0,0,1
133187174991881504,-0.158194,-0.453088,0.877318,6.40345,-0.983167,-0.00998116,-0.182435,0.222768,0.0914156,-0.89141,-0.443882,-3.77766,0,0,0,1
133187174992213786,-0.160181,-0.444715,0.881232,6.40201,-0.983142,-0.00786304,-0.182674,0.22298,0.0881671,-0.895637,-0.435959,-3.77622,0,0,0,1
133187174992542431,-0.160803,-0.438009,0.884472,6.40032,-0.983032,-0.00905752,-0.183208,0.223059,0.0882579,-0.898925,-0.429121,-3.77524,0,0,0,1
133187174992871326,-0.15972,-0.43389,0.886695,6.39842,-0.983045,-0.0120391,-0.182967,0.223157,0.0900625,-0.900885,-0.424611,-3.77451,0,0,0,1
133187174993206542,-0.15709,-0.431933,0.888119,6.39646,-0.983275,-0.0155156,-0.181467,0.223387,0.0921614,-0.901772,-0.422272,-3.77395,0,0,0,1
133187174994192107,-0.14983,-0.433363,0.888678,6.39167,-0.984426,-0.018213,-0.174854,0.22507,0.0919608,-0.901036,-0.423885,-3.77235,0,0,0,1
133187174994522878,-0.148849,-0.433598,0.888728,6.39073,-0.984746,-0.0169015,-0.173177,0.225808,0.0901099,-0.900948,-0.424468,-3.77196,0,0,0,1
133187174994850918,-0.147376,-0.434015,0.88877,6.39003,-0.98507,-0.0164365,-0.171371,0.226533,0.0889854,-0.900756,-0.425113,-3.77189,0,0,0,1
133187174995528479,-0.142173,-0.436795,0.888255,6.38895,-0.985542,-0.0210896,-0.168116,0.227607,0.0921652,-0.899314,-0.427481,-3.77297,0,0,0,1
133187174995839897,-0.139188,-0.439515,0.887386,6.38851,-0.985555,-0.0258219,-0.167376,0.227861,0.096478,-0.897864,-0.429572,-3.77391,0,0,0,1
133187174996173595,-0.136649,-0.442156,0.886468,6.38818,-0.985384,-0.0312092,-0.167464,0.227972,0.101711,-0.896395,-0.431428,-3.77493,0,0,0,1
133187174996501917,-0.134202,-0.444777,0.88553,6.38791,-0.985201,-0.036267,-0.167524,0.22801,0.106627,-0.894907,-0.433327,-3.77586,0,0,0,1
133187174996831811,-0.132006,-0.447707,0.884383,6.38769,-0.985034,-0.0405014,-0.167533,0.228057,0.110824,-0.893263,-0.43566,-3.77661,0,0,0,1
133187174997165994,-0.13026,-0.451265,0.882832,6.38739,-0.984912,-0.0434272,-0.167519,0.228154,0.113934,-0.891333,-0.4388,-3.77725,0,0,0,1
133187174997509368,-0.128389,-0.455733,0.880809,6.38706,-0.984985,-0.0447689,-0.166738,0.228401,0.115421,-0.88899,-0.443142,-3.77771,0,0,0,1
133187174997820994,-0.126657,-0.460403,0.878628,6.38679,-0.985024,-0.046088,-0.166144,0.228571,0.116988,-0.886513,-0.447671,-3.77807,0,0,0,1
133187174998150965,-0.124984,-0.466367,0.875717,6.38651,-0.984956,-0.0478424,-0.166053,0.228612,0.119338,-0.883297,-0.453371,-3.77845,0,0,0,1
133187174998481488,-0.123888,-0.472694,0.872474,6.38628,-0.984669,-0.0502391,-0.167039,0.228422,0.122791,-0.879793,-0.459223,-3.77889,0,0,0,1
133187174998811859,-0.123656,-0.479345,0.868871,6.38613,-0.984035,-0.0537062,-0.169675,0.227886,0.127997,-0.875982,-0.465051,-3.77924,0,0,0,1
133187174999140536,-0.123694,-0.485474,0.865456,6.38613,-0.983473,-0.0562257,-0.172101,0.227355,0.132212,-0.872441,-0.470496,-3.77939,0,0,0,1
133187174999474366,-0.124084,-0.490602,0.862504,6.38634,-0.983151,-0.0568,-0.173749,0.227009,0.134232,-0.869531,-0.475287,-3.77946,0,0,0,1
133187174999923156,-0.12523,-0.496893,0.858729,6.38689,-0.982849,-0.0559628,-0.175713,0.226646,0.135368,-0.866006,-0.481363,-3.77957,0,0,0,1
133187175000130312,-0.126324,-0.499628,0.85698,6.38723,-0.982624,-0.0554068,-0.177147,0.226419,0.13599,-0.864467,-0.483947,-3.77967,0,0,0,1
133187175000469208,-0.128944,-0.503427,0.854362,6.38789,-0.982193,-0.0538805,-0.179985,0.226004,0.136643,-0.862356,-0.487515,-3.77988,0,0,0,1
133187175001781165,-0.135089,-0.505556,0.852153,6.3913,-0.981064,-0.0522267,-0.186509,0.224537,0.138796,-0.861212,-0.488927,-3.78094,0,0,0,1
133187175002110961,-0.135624,-0.504532,0.852674,6.39174,-0.980892,-0.052788,-0.187253,0.22435,0.139486,-0.861778,-0.487732,-3.78123,0,0,0,1
133187175002444609,-0.135849,-0.503169,0.853443,6.39192,-0.980803,-0.0533347,-0.187567,0.224287,0.139896,-0.862541,-0.486264,-3.78151,0,0,0,1
133187175002769303,-0.135444,-0.501758,0.854338,6.39177,-0.98083,-0.0540241,-0.187227,0.224284,0.140098,-0.863319,-0.484822,-3.7818,0,0,0,1
133187175003430244,-0.131146,-0.500174,0.855936,6.39089,-0.981251,-0.05751,-0.183953,0.224551,0.141233,-0.864013,-0.483254,-3.78269,0,0,0,1
133187175003760743,-0.128288,-0.499998,0.856472,6.3904,-0.981494,-0.0597894,-0.181919,0.224678,0.142167,-0.86396,-0.483075,-3.78317,0,0,0,1
133187175004090538,-0.125741,-0.500164,0.856753,6.38983,-0.981678,-0.0619004,-0.180213,0.224718,0.143169,-0.863715,-0.483217,-3.78369,0,0,0,1
133187175004421923,-0.124616,-0.500115,0.856946,6.3894,-0.981726,-0.063044,-0.179554,0.224774,0.143823,-0.863661,-0.483119,-3.78416,0,0,0,1
133187175004759751,-0.123863,-0.499694,0.857301,6.38907,-0.98182,-0.0635117,-0.178873,0.22483,0.14383,-0.863871,-0.482743,-3.78439,0,0,0,1
133187175005084353,-0.123241,-0.4986,0.858027,6.38883,-0.982049,-0.0631413,-0.177746,0.224952,0.142801,-0.86453,-0.481867,-3.78452,0,0,0,1
133187175005414462,-0.12273,-0.497556,0.858706,6.3887,-0.98223,-0.0628966,-0.176829,0.225015,0.141992,-0.865149,-0.480995,-3.78452,0,0,0,1
133187175005740726,-0.122578,-0.4969,0.859107,6.38863,-0.982277,-0.0629369,-0.176553,0.225074,0.141799,-0.865523,-0.480379,-3.78457,0,0,0,1
133187175006076148,-0.12271,-0.496433,0.859359,6.3886,-0.982319,-0.0626122,-0.176437,0.225119,0.141395,-0.865814,-0.479972,-3.7845,0,0,0,1
133187175006420944,-0.122784,-0.495984,0.859607,6.38864,-0.982443,-0.0618453,-0.176014,0.225201,0.140463,-0.866126,-0.479682,-3.78431,0,0,0,1
133187175006730676,-0.122844,-0.495607,0.859816,6.38868,-0.982559,-0.0611284,-0.175616,0.225267,0.139596,-0.866393,-0.479454,-3.78414,0,0,0,1
133187175007063276,-0.123121,-0.495419,0.859885,6.38876,-0.982613,-0.0604777,-0.175538,0.225348,0.138969,-0.866546,-0.479359,-3.78393,0,0,0,1
133187175007390521,-0.12319,-0.495331,0.859926,6.38874,-0.982701,-0.0598584,-0.175258,0.225364,0.138284,-0.86664,-0.479389,-3.78382,0,0,0,1
133187175007735248,-0.123118,-0.495299,0.859954,6.3888,-0.982799,-0.0593451,-0.174885,0.225418,0.137655,-0.866693,-0.479473,-3.78359,0,0,0,1
133187175008380490,-0.124033,-0.494595,0.860228,6.38893,-0.982803,-0.0582854,-0.175218,0.225384,0.1368,-0.867167,-0.47886,-3.78321,0,0,0,1
133187175009700391,-0.123226,-0.493138,0.86118,6.38935,-0.982762,-0.0598809,-0.174912,0.225365,0.137824,-0.867888,-0.477259,-3.78309,0,0,0,1
133187175010029681,-0.12275,-0.493335,0.861135,6.38951,-0.982832,-0.0600038,-0.174473,0.225472,0.137745,-0.867768,-0.4775,-3.78324,0,0,0,1
133187175011363694,-0.124681,-0.494348,0.860276,6.39064,-0.982597,-0.0588014,-0.176199,0.225208,0.137689,-0.867273,-0.478414,-3.78343,0,0,0,1
133187175011694196,-0.12641,-0.494349,0.860023,6.39102,-0.98247,-0.0573535,-0.177376,0.225134,0.137011,-0.867369,-0.478433,-3.78344,0,0,0,1
133187175012013941,-0.127903,-0.494306,0.859827,6.39142,-0.982327,-0.0563153,-0.178501,0.225038,0.136656,-0.867462,-0.478366,-3.78344,0,0,0,1
133187175012340730,-0.128697,-0.494688,0.859488,6.39169,-0.982255,-0.0556438,-0.179107,0.224944,0.136427,-0.867287,-0.478748,-3.78357,0,0,0,1
133187175012674401,-0.129221,-0.495528,0.858926,6.39193,-0.982109,-0.0557021,-0.179888,0.224777,0.136984,-0.866804,-0.479464,-3.78382,0,0,0,1
133187175013000664,-0.129606,-0.496805,0.85813,6.39215,-0.981886,-0.056329,-0.180907,0.224565,0.138213,-0.866032,-0.480506,-3.7841,0,0,0,1
133187175013664208,-0.130037,-0.499001,0.85679,6.39273,-0.981799,-0.0558372,-0.18153,0.224396,0.138424,-0.864801,-0.482657,-3.78432,0,0,0,1
133187175013993279,-0.130512,-0.499722,0.856297,6.39304,-0.981818,-0.0549335,-0.181702,0.224363,0.13784,-0.864442,-0.483467,-3.78423,0,0,0,1
133187175014334299,-0.131879,-0.499416,0.856266,6.3935,-0.981766,-0.0534997,-0.182412,0.224326,0.13691,-0.864709,-0.483254,-3.78391,0,0,0,1
133187175014650335,-0.13299,-0.498403,0.856684,6.39398,-0.981731,-0.0524343,-0.182907,0.224215,0.136081,-0.865358,-0.482324,-3.78335,0,0,0,1
133187175014981452,-0.134835,-0.496283,0.857626,6.39448,-0.981708,-0.0505118,-0.183573,0.224245,0.134424,-0.86669,-0.480394,-3.78265,0,0,0,1
133187175015366293,-0.136598,-0.492927,0.859281,6.39495,-0.981809,-0.048111,-0.183675,0.224324,0.13188,-0.868739,-0.477388,-3.78164,0,0,0,1
133187175015640922,-0.136715,-0.490784,0.860488,6.39507,-0.982099,-0.0464711,-0.182542,0.224538,0.129577,-0.870041,-0.475646,-3.78102,0,0,0,1
133187175015969640,-0.136483,-0.488714,0.861702,6.39511,-0.982498,-0.0445263,-0.180869,0.224872,0.126762,-0.871307,-0.474084,-3.78035,0,0,0,1
133187175017627652,-0.134758,-0.481192,0.866196,6.39185,-0.983477,-0.0416944,-0.176166,0.225574,0.120885,-0.875623,-0.467622,-3.77829,0,0,0,1
133187175017950571,-0.134414,-0.480165,0.866819,6.39078,-0.983314,-0.0435832,-0.176621,0.225301,0.122586,-0.876095,-0.466295,-3.77803,0,0,0,1
133187175018941406,-0.146821,-0.477497,0.86628,6.3869,-0.980907,-0.0426339,-0.189748,0.223109,0.127537,-0.877598,-0.46212,-3.77721,0,0,0,1
133187175019382410,-0.151626,-0.476658,0.865913,6.38455,-0.979984,-0.0418338,-0.194629,0.222159,0.128996,-0.878092,-0.460774,-3.77758,0,0,0,1
133187175019599894,-0.152513,-0.476854,0.86565,6.38331,-0.979453,-0.0440179,-0.196811,0.221611,0.131954,-0.87788,-0.460343,-3.77802,0,0,0,1
133187175019929157,-0.152494,-0.478666,0.864653,6.38136,-0.978628,-0.0489941,-0.199718,0.220881,0.137961,-0.876629,-0.460965,-3.77875,0,0,0,1
133187175020286836,-0.150151,-0.481988,0.863216,6.37972,-0.978261,-0.0538893,-0.200252,0.220585,0.143037,-0.874519,-0.463419,-3.77953,0,0,0,1
133187175020591646,-0.14601,-0.486795,0.861227,6.3788,-0.978445,-0.0574496,-0.198355,0.220669,0.146035,-0.871625,-0.467914,-3.78007,0,0,0,1
133187175021258803,-0.14113,-0.497514,0.855898,6.37914,-0.979608,-0.054704,-0.193327,0.221675,0.143004,-0.865729,-0.479649,-3.78071,0,0,0,1
133187175021583499,-0.138236,-0.501555,0.85401,6.38032,-0.980578,-0.0518243,-0.18916,0.222505,0.139133,-0.863572,-0.484649,-3.78091,0,0,0,1
133187175021916450,-0.132189,-0.505215,0.85281,6.38204,-0.981803,-0.0516113,-0.182758,0.223289,0.136346,-0.861449,-0.489199,-3.78106,0,0,0,1
133187175022241486,-0.129417,-0.507394,0.85194,6.38415,-0.982436,-0.050866,-0.179535,0.223774,0.13443,-0.860211,-0.491899,-3.781,0,0,0,1
133187175023256454,-0.136946,-0.502093,0.853902,6.39138,-0.982444,-0.0414057,-0.181907,0.224339,0.126691,-0.863822,-0.487607,-3.77948,0,0,0,1
133187175023567147,-0.136653,-0.500448,0.854914,6.3931,-0.982838,-0.0394596,-0.180199,0.224668,0.123915,-0.864867,-0.486467,-3.77931,0,0,0,1
133187175023891938,-0.134727,-0.500001,0.855481,6.39442,-0.98323,-0.0396315,-0.178009,0.224914,0.122908,-0.865118,-0.486276,-3.77942,0,0,0,1
133187175024879680,-0.127652,-0.499132,0.857072,6.39712,-0.984296,-0.0424763,-0.171338,0.225446,0.121925,-0.865484,-0.485871,-3.77932,0,0,0,1
133187175026207949,-0.132558,-0.479483,0.867481,6.40028,-0.984784,-0.0355202,-0.170115,0.225352,0.112381,-0.876832,-0.467479,-3.77587,0,0,0,1
133187175026537574,-0.134474,-0.474703,0.869813,6.40072,-0.984697,-0.0341828,-0.170891,0.225149,0.110855,-0.879482,-0.462842,-3.77506,0,0,0,1
133187175026863669,-0.135555,-0.471649,0.871304,6.40086,-0.98466,-0.0333786,-0.171259,0.225019,0.109857,-0.881154,-0.45989,-3.77453,0,0,0,1
133187175027195685,-0.135086,-0.470185,0.872168,6.40071,-0.984789,-0.0333729,-0.170521,0.224981,0.109283,-0.881937,-0.458524,-3.77418,0,0,0,1
133187175029830247,-0.138801,-0.467515,0.87302,6.39833,-0.984214,-0.0326251,-0.17395,0.223948,0.109807,-0.883383,-0.455606,-3.7705,0,0,0,1
133187175030176776,-0.137931,-0.469418,0.872136,6.39776,-0.984382,-0.032282,-0.173059,0.224113,0.109391,-0.882386,-0.457634,-3.7701,0,0,0,1
133187175030489228,-0.136573,-0.471135,0.871424,6.39733,-0.984661,-0.0318594,-0.171544,0.224355,0.108583,-0.881486,-0.459557,-3.76967,0,0,0,1
133187175030823129,-0.13519,-0.472319,0.870999,6.39695,-0.985027,-0.030853,-0.169619,0.224676,0.106987,-0.880888,-0.461076,-3.76914,0,0,0,1
133187175031152914,-0.13403,-0.473067,0.870772,6.39672,-0.985336,-0.0300097,-0.167967,0.224992,0.105592,-0.880515,-0.462108,-3.76867,0,0,0,1
133187175031481137,-0.13379,-0.473695,0.870467,6.39659,-0.985423,-0.0295429,-0.167536,0.225107,0.105077,-0.880193,-0.462838,-3.7682,0,0,0,1
133187175031810098,-0.135076,-0.474198,0.869995,6.39652,-0.985179,-0.029406,-0.168988,0.224946,0.105717,-0.879927,-0.463198,-3.76779,0,0,0,1
133187175032138921,-0.137324,-0.473927,0.86979,6.39653,-0.984803,-0.0289307,-0.171246,0.22469,0.106322,-0.880089,-0.462752,-3.76742,0,0,0,1
133187175032469344,-0.140471,-0.47292,0.869836,6.39664,-0.984312,-0.0280261,-0.174196,0.224315,0.106759,-0.880659,-0.461564,-3.76715,0,0,0,1
133187175032803358,-0.144615,-0.472204,0.869546,6.39657,-0.983585,-0.0272447,-0.178376,0.223793,0.10792,-0.881068,-0.460513,-3.76707,0,0,0,1
133187175033131526,-0.149079,-0.47265,0.868549,6.39615,-0.982669,-0.0270503,-0.183386,0.223194,0.110172,-0.880835,-0.460426,-3.76713,0,0,0,1
133187175033464041,-0.152198,-0.474815,0.866826,6.39518,-0.981793,-0.0282261,-0.187846,0.222685,0.113659,-0.879633,-0.461874,-3.76735,0,0,0,1
133187175033790103,-0.150906,-0.477066,0.865815,6.39411,-0.981775,-0.0300238,-0.18766,0.222677,0.115521,-0.878354,-0.463841,-3.7675,0,0,0,1
133187175034143587,-0.148537,-0.479249,0.865019,6.39291,-0.982052,-0.0313265,-0.18599,0.222898,0.116233,-0.87712,-0.465994,-3.76767,0,0,0,1
133187175034470501,-0.148108,-0.480522,0.864386,6.39202,-0.982102,-0.0313711,-0.185718,0.222956,0.116358,-0.876422,-0.467275,-3.76782,0,0,0,1
133187175034782277,-0.149982,-0.481049,0.86377,6.39135,-0.981754,-0.0308304,-0.187638,0.22278,0.116893,-0.876152,-0.467648,-3.76808,0,0,0,1
133187175035111471,-0.153668,-0.481693,0.862762,6.39062,-0.98092,-0.0308673,-0.191947,0.222234,0.11909,-0.875796,-0.467758,-3.7684,0,0,0,1
133187175035441585,-0.157405,-0.481715,0.862076,6.38977,-0.979922,-0.0319885,-0.196797,0.221526,0.122376,-0.875744,-0.467008,-3.76884,0,0,0,1
133187175036428988,-0.15926,-0.479943,0.862723,6.38659,-0.978006,-0.042521,-0.204196,0.220206,0.134687,-0.876269,-0.462615,-3.77024,0,0,0,1
133187175036761383,-0.155636,-0.480984,0.862804,6.38532,-0.9784,-0.0452409,-0.201708,0.220501,0.136053,-0.875561,-0.463554,-3.77074,0,0,0,1
133187175037094473,-0.150853,-0.482762,0.862661,6.38423,-0.979054,-0.0477393,-0.197922,0.220976,0.136732,-0.874449,-0.465448,-3.77123,0,0,0,1
133187175037421194,-0.147197,-0.484415,0.862366,6.3834,-0.979512,-0.0497543,-0.195141,0.221389,0.137436,-0.873422,-0.467167,-3.7717,0,0,0,1
133187175037754087,-0.145431,-0.485209,0.862219,6.38283,-0.979733,-0.0507056,-0.193786,0.221656,0.137746,-0.872927,-0.468001,-3.77204,0,0,0,1
133187175038082241,-0.14329,-0.485128,0.862623,6.38268,-0.980105,-0.051396,-0.191709,0.221944,0.137339,-0.872932,-0.468112,-3.77226,0,0,0,1
133187175038408790,-0.14168,-0.48454,0.863219,6.38277,-0.980435,-0.0516919,-0.189934,0.222144,0.136652,-0.87324,-0.467737,-3.77234,0,0,0,1
133187175038740033,-0.141559,-0.483648,0.86374,6.38313,-0.980524,-0.0514885,-0.18953,0.222233,0.136138,-0.873747,-0.46694,-3.77235,0,0,0,1
133187175039072946,-0.14134,-0.482481,0.864428,6.38369,-0.980718,-0.0508022,-0.18871,0.222394,0.134964,-0.874432,-0.465997,-3.77227,0,0,0,1
133187175039400094,-0.140715,-0.481392,0.865136,6.38442,-0.981079,-0.0495663,-0.187154,0.22267,0.132976,-0.875103,-0.465309,-3.77215,0,0,0,1
133187175039730138,-0.140723,-0.480288,0.865748,6.38531,-0.981375,-0.0478282,-0.186051,0.223234,0.130766,-0.875806,-0.464612,-3.772,0,0,0,1
133187175042370162,-0.142379,-0.470988,0.870574,6.39447,-0.983359,-0.0329657,-0.178659,0.224721,0.112845,-0.881523,-0.458457,-3.77226,0,0,0,1
133187175044056139,-0.144019,-0.46831,0.871748,6.39717,-0.98237,-0.0384554,-0.182952,0.223911,0.119202,-0.882727,-0.454515,-3.7754,0,0,0,1
133187175044381027,-0.143591,-0.469528,0.871163,6.39729,-0.982297,-0.0393906,-0.18314,0.223784,0.120305,-0.882038,-0.45556,-3.77585,0,0,0,1
133187175046031906,-0.144308,-0.468193,0.871763,6.39837,-0.982363,-0.0380764,-0.183065,0.223582,0.118903,-0.882806,-0.454441,-3.77556,0,0,0,1
133187175049993558,-0.127968,-0.484897,0.865158,6.39218,-0.985306,-0.0373373,-0.166666,0.22557,0.113119,-0.873774,-0.472994,-3.77638,0,0,0,1
133187175053621110,-0.131475,-0.48902,0.862307,6.39127,-0.984387,-0.0382903,-0.171803,0.224702,0.117033,-0.871432,-0.47635,-3.77738,0,0,0,1
133187175054612047,-0.134808,-0.485186,0.863957,6.39219,-0.984232,-0.0352041,-0.173346,0.224618,0.11452,-0.873702,-0.47279,-3.77681,0,0,0,1
133187175054940352,-0.134971,-0.484561,0.864282,6.39232,-0.984247,-0.034965,-0.173309,0.224631,0.114198,-0.874058,-0.472209,-3.77685,0,0,0,1
133187175055605017,-0.135396,-0.486124,0.863337,6.39203,-0.98421,-0.0342748,-0.173652,0.224728,0.114007,-0.873217,-0.473808,-3.77718,0,0,0,1
133187175057911155,-0.126296,-0.49054,0.862218,6.38952,-0.985627,-0.036256,-0.165,0.226027,0.1122,-0.870664,-0.478911,-3.77693,0,0,0,1
133187175058573605,-0.124857,-0.491584,0.861832,6.38972,-0.985948,-0.0356882,-0.163194,0.226362,0.110981,-0.870098,-0.480221,-3.77662,0,0,0,1
133187175062878839,-0.111266,-0.485057,0.867375,6.40213,-0.988408,-0.0367017,-0.147317,0.228291,0.103291,-0.873712,-0.47535,-3.78203,0,0,0,1
133187175064840744,-0.11619,-0.507763,0.853625,6.39831,-0.98673,-0.039129,-0.157582,0.22636,0.113416,-0.860607,-0.496479,-3.78488,0,0,0,1
133187175066823730,-0.107748,-0.503331,0.85735,6.39287,-0.988958,-0.0339918,-0.144243,0.22838,0.101745,-0.863425,-0.49411,-3.78042,0,0,0,1
133187175067154350,-0.109465,-0.499066,0.859622,6.39288,-0.988979,-0.0320572,-0.144548,0.228438,0.0996959,-0.865971,-0.490057,-3.77968,0,0,0,1
133187175067482575,-0.111301,-0.495379,0.861517,6.39285,-0.988917,-0.0305046,-0.145301,0.228395,0.0982593,-0.868141,-0.486493,-3.77918,0,0,0,1
133187175067814102,-0.11287,-0.492455,0.862988,6.39275,-0.988832,-0.0293968,-0.146104,0.228285,0.0973189,-0.869841,-0.483637,-3.77894,0,0,0,1
133187175068141073,-0.114135,-0.490764,0.863785,6.39249,-0.988666,-0.0292503,-0.147254,0.22804,0.0975329,-0.870802,-0.481863,-3.77899,0,0,0,1
133187175068470790,-0.115741,-0.490492,0.863725,6.39202,-0.988317,-0.0299456,-0.149442,0.227657,0.0991647,-0.870931,-0.481296,-3.77934,0,0,0,1
133187175068799948,-0.116517,-0.491609,0.862986,6.39144,-0.987958,-0.0316864,-0.151441,0.227243,0.101795,-0.870239,-0.481997,-3.7798,0,0,0,1
133187175069167694,-0.116926,-0.493713,0.861728,6.3907,-0.987609,-0.0336512,-0.153286,0.226917,0.104677,-0.868974,-0.483661,-3.7804,0,0,0,1
133187175069462955,-0.116599,-0.495571,0.860705,6.39014,-0.987441,-0.0351751,-0.15402,0.226751,0.106603,-0.867855,-0.485246,-3.78079,0,0,0,1
133187175069790946,-0.116024,-0.497454,0.859697,6.38967,-0.987336,-0.03652,-0.154381,0.226658,0.108194,-0.866722,-0.486917,-3.78104,0,0,0,1
133187175070121269,-0.116106,-0.498295,0.859198,6.38947,-0.987286,-0.0366484,-0.154669,0.226615,0.108559,-0.866233,-0.487704,-3.78103,0,0,0,1
133187175070490189,-0.117117,-0.497984,0.859241,6.38959,-0.987225,-0.0357373,-0.155274,0.226542,0.108031,-0.86645,-0.487436,-3.78074,0,0,0,1
133187175070797411,-0.11906,-0.496904,0.859599,6.3899,-0.987032,-0.0346515,-0.156741,0.226398,0.107672,-0.867113,-0.486334,-3.78029,0,0,0,1
133187175071111577,-0.121305,-0.495413,0.860146,6.39022,-0.986804,-0.0334445,-0.15843,0.22619,0.107255,-0.868013,-0.484819,-3.7798,0,0,0,1
133187175071445383,-0.123134,-0.494019,0.860688,6.39053,-0.986611,-0.0325241,-0.159817,0.22605,0.106946,-0.868843,-0.483399,-3.77921,0,0,0,1
133187175071770911,-0.12411,-0.493044,0.861107,6.39067,-0.986512,-0.0320339,-0.160525,0.225981,0.10673,-0.869415,-0.482418,-3.77869,0,0,0,1
133187175072102776,-0.124179,-0.49232,0.86151,6.39071,-0.986523,-0.0319692,-0.160468,0.226009,0.106544,-0.869827,-0.481716,-3.77816,0,0,0,1
133187175072430190,-0.123983,-0.491591,0.861955,6.3907,-0.986582,-0.031921,-0.160115,0.226076,0.106225,-0.870241,-0.481038,-3.77762,0,0,0,1
133187175072759878,-0.1238,-0.490992,0.862323,6.39066,-0.98665,-0.0317551,-0.15973,0.226151,0.105809,-0.870585,-0.480506,-3.77702,0,0,0,1
133187175073091162,-0.12348,-0.490542,0.862625,6.39062,-0.986782,-0.0312345,-0.159014,0.226281,0.104946,-0.870858,-0.480201,-3.7764,0,0,0,1
133187175073424055,-0.123106,-0.490189,0.862879,6.39054,-0.986949,-0.0304801,-0.158122,0.226453,0.103811,-0.871083,-0.480039,-3.77581,0,0,0,1
133187175073750600,-0.122568,-0.489886,0.863127,6.39046,-0.987146,-0.0297015,-0.157037,0.226629,0.102566,-0.87128,-0.479949,-3.77521,0,0,0,1
133187175074079930,-0.122166,-0.489541,0.86338,6.39038,-0.98732,-0.0289043,-0.156092,0.226781,0.101369,-0.871501,-0.479802,-3.77462,0,0,0,1
133187175074411917,-0.122013,-0.489205,0.863592,6.39031,-0.987445,-0.028119,-0.155441,0.226895,0.100326,-0.871715,-0.479633,-3.77416,0,0,0,1
133187175074744001,-0.122007,-0.488726,0.863864,6.39031,-0.987564,-0.0271785,-0.154853,0.227003,0.0991592,-0.872014,-0.479332,-3.77367,0,0,0,1
133187175075073994,-0.122428,-0.488174,0.864117,6.39032,-0.98759,-0.0263771,-0.154823,0.227027,0.0983734,-0.872348,-0.478887,-3.7733,0,0,0,1
