133187174889217635,-0.121387,-0.484048,0.866581,6.38354,-0.987947,-0.02556,-0.152665,0.225358,0.0960473,-0.874668,-0.475111,-3.76564,0,0,0,1
133187174889568323,-0.122339,-0.483772,0.866601,6.38418,-0.987959,-0.0239668,-0.15285,0.225633,0.0947144,-0.874866,-0.475014,-3.7643,0,0,0,1
133187174889879443,-0.12248,-0.483664,0.866641,6.38475,-0.988112,-0.0223223,-0.152105,0.225984,0.0929134,-0.874969,-0.47518,-3.7632,0,0,0,1
133187174890207783,-0.122651,-0.484078,0.866387,6.38534,-0.988208,-0.0210606,-0.151664,0.226295,0.0916638,-0.874772,-0.475786,-3.76225,0,0,0,1
133187174890535035,-0.123277,-0.484729,0.865933,6.38591,-0.988166,-0.0202998,-0.152041,0.226451,0.0912769,-0.874429,-0.476491,-3.76149,0,0,0,1
133187174890866130,-0.124022,-0.485033,0.865657,6.3865,-0.988111,-0.0195122,-0.152499,0.226561,0.090858,-0.874278,-0.476847,-3.76092,0,0,0,1
133187174891196346,-0.124626,-0.484933,0.865626,6.38728,-0.988063,-0.0189601,-0.152876,0.226647,0.0905468,-0.874346,-0.476781,-3.76043,0,0,0,1
133187174891558119,-0.125935,-0.484795,0.865514,6.38811,-0.987913,-0.0181999,-0.153938,0.226622,0.0903807,-0.874439,-0.476643,-3.76014,0,0,0,1
133187174891861679,-0.127268,-0.484553,0.865454,6.38884,-0.987728,-0.0177255,-0.155173,0.226557,0.0905299,-0.874582,-0.476351,-3.76005,0,0,0,1
133187174892190014,-0.128698,-0.484047,0.865527,6.38965,-0.987536,-0.0171946,-0.156456,0.226502,0.090614,-0.874874,-0.475801,-3.76009,0,0,0,1
133187174892519850,-0.129765,-0.483187,0.865847,6.39044,-0.987367,-0.0171092,-0.157525,0.226505,0.0909278,-0.87535,-0.474862,-3.76033,0,0,0,1
133187174893176143,-0.130418,-0.482287,0.866251,6.39199,-0.987035,-0.0192918,-0.159343,0.226419,0.0935606,-0.875801,-0.473518,-3.76121,0,0,0,1
133187174893505931,-0.131145,-0.48279,0.86586,6.39274,-0.986796,-0.0201654,-0.160706,0.226321,0.095048,-0.875503,-0.473771,-3.76165,0,0,0,1
133187174893842176,-0.131048,-0.483078,0.865715,6.39349,-0.98681,-0.0201495,-0.160623,0.226343,0.0950373,-0.875345,-0.474065,-3.76207,0,0,0,1
133187174894168230,-0.131182,-0.483531,0.865441,6.39421,-0.986826,-0.01969,-0.160583,0.226302,0.0946874,-0.875106,-0.474578,-3.76249,0,0,0,1
133187174894497928,-0.131778,-0.484159,0.864999,6.39483,-0.986673,-0.0199573,-0.161485,0.226058,0.0954478,-0.874752,-0.475077,-3.76315,0,0,0,1
133187174894830539,-0.133169,-0.485605,0.863976,6.39527,-0.986089,-0.0225717,-0.164677,0.22553,0.0994695,-0.873887,-0.475844,-3.76398,0,0,0,1
133187174895159597,-0.134229,-0.486441,0.863341,6.39568,-0.985574,-0.0250963,-0.167373,0.224993,0.103084,-0.873353,-0.476055,-3.76476,0,0,0,1
133187174895488404,-0.134033,-0.486229,0.863491,6.39613,-0.985346,-0.0273645,-0.168357,0.224616,0.105489,-0.873403,-0.475436,-3.76559,0,0,0,1
133187174895821625,-0.135232,-0.487833,0.862398,6.3964,-0.9846,-0.031165,-0.172024,0.223936,0.110795,-0.87238,-0.476106,-3.76639,0,0,0,1
133187174896149272,-0.135932,-0.48939,0.861405,6.39675,-0.984239,-0.0325677,-0.173818,0.223492,0.113119,-0.871456,-0.47725,-3.7671,0,0,0,1
133187174896479691,-0.137334,-0.490187,0.86073,6.39728,-0.984078,-0.0314603,-0.174932,0.223219,0.112829,-0.871049,-0.478061,-3.76762,0,0,0,1
133187174896805882,-0.140305,-0.491775,0.859344,6.39775,-0.983457,-0.0312166,-0.178433,0.222697,0.114575,-0.870163,-0.479259,-3.76808,0,0,0,1
133187174897138083,-0.142474,-0.493248,0.858142,6.39834,-0.982967,-0.0311798,-0.181119,0.222298,0.116093,-0.86933,-0.480404,-3.76853,0,0,0,1
133187174897474727,-0.141476,-0.493361,0.858242,6.39915,-0.9833,-0.0302198,-0.179463,0.222433,0.114476,-0.8693,-0.480846,-3.76892,0,0,0,1
133187174897798794,-0.141626,-0.495083,0.857225,6.39979,-0.983251,-0.0299938,-0.17977,0.222451,0.114713,-0.868327,-0.482543,-3.76942,0,0,0,1
133187174898132984,-0.139854,-0.495912,0.857036,6.4007,-0.983686,-0.0293188,-0.177487,0.222744,0.113145,-0.867877,-0.483721,-3.76999,0,0,0,1
133187174898457309,-0.138877,-0.495314,0.857541,6.40185,-0.98396,-0.028882,-0.176033,0.223048,0.111959,-0.868233,-0.483358,-3.77055,0,0,0,1
133187174898785796,-0.138359,-0.49481,0.857916,6.40305,-0.984089,-0.028806,-0.175322,0.223312,0.111464,-0.868523,-0.482952,-3.77117,0,0,0,1
133187174899116304,-0.13653,-0.493507,0.858959,6.40439,-0.984558,-0.0282995,-0.172754,0.22376,0.109563,-0.869281,-0.482023,-3.77183,0,0,0,1
133187174899446530,-0.134383,-0.491175,0.860632,6.40582,-0.985139,-0.027528,-0.169535,0.224232,0.106963,-0.870626,-0.480176,-3.77245,0,0,0,1
133187174899781627,-0.133692,-0.488851,0.862062,6.40718,-0.985325,-0.027575,-0.168446,0.224429,0.106116,-0.871931,-0.477991,-3.77305,0,0,0,1
133187174900108302,-0.134246,-0.486993,0.863027,6.40827,-0.98529,-0.0273333,-0.168688,0.224468,0.105739,-0.872978,-0.476161,-3.77357,0,0,0,1
133187174900436863,-0.133909,-0.484582,0.864436,6.40923,-0.985564,-0.0260619,-0.167283,0.22461,0.103591,-0.874358,-0.474096,-3.77381,0,0,0,1
133187174901095921,-0.1331,-0.47898,0.867676,6.41029,-0.986131,-0.0235759,-0.164286,0.224887,0.0991458,-0.877509,-0.469199,-3.77408,0,0,0,1
133187174902085881,-0.126192,-0.475341,0.870704,6.40948,-0.986887,-0.0288945,-0.158805,0.22503,0.100645,-0.879327,-0.465462,-3.77511,0,0,0,1
133187174908689915,-0.163609,-0.450372,0.877723,6.4073,-0.978577,-0.0386215,-0.202226,0.218397,0.124976,-0.892005,-0.434405,-3.77194,0,0,0,1
133187174912320732,-0.143251,-0.460893,0.875818,6.40406,-0.983685,-0.0310047,-0.17721,0.222649,0.108829,-0.886914,-0.448932,-3.7677,0,0,0,1
133187174912667541,-0.142018,-0.463842,0.874461,6.40382,-0.984102,-0.0290244,-0.175219,0.223014,0.106655,-0.885443,-0.452345,-3.76776,0,0,0,1
133187174912975842,-0.140583,-0.467895,0.872531,6.40345,-0.984523,-0.0270803,-0.173149,0.223339,0.104644,-0.883369,-0.456846,-3.76815,0,0,0,1
133187174913345781,-0.140099,-0.475075,0.868721,6.40287,-0.984621,-0.0256443,-0.172814,0.223463,0.104377,-0.879572,-0.464176,-3.76897,0,0,0,1
133187174913643144,-0.138501,-0.481072,0.865672,6.40244,-0.984858,-0.0251256,-0.171532,0.223662,0.10427,-0.876321,-0.470307,-3.7699,0,0,0,1
133187174913966452,-0.135412,-0.486155,0.863318,6.40227,-0.985335,-0.0252258,-0.168756,0.224039,0.103819,-0.873509,-0.47561,-3.77104,0,0,0,1
133187174914308733,-0.133306,-0.490488,0.861192,6.40228,-0.9854,-0.0272605,-0.168059,0.224131,0.105907,-0.871021,-0.479693,-3.77216,0,0,0,1
133187174914626631,-0.129856,-0.491879,0.860925,6.40284,-0.985741,-0.0296637,-0.165631,0.224475,0.107009,-0.870158,-0.481014,-3.77309,0,0,0,1
133187174914958340,-0.125279,-0.489922,0.862718,6.40412,-0.986424,-0.0315533,-0.161161,0.225021,0.106178,-0.871195,-0.479318,-3.77376,0,0,0,1
133187174915615248,-0.125455,-0.484573,0.865708,6.40736,-0.98665,-0.0303956,-0.159995,0.225358,0.103843,-0.874222,-0.47429,-3.77492,0,0,0,1
133187174915945626,-0.126548,-0.482827,0.866524,6.40893,-0.98678,-0.0278873,-0.15965,0.225558,0.101249,-0.875271,-0.472915,-3.77572,0,0,0,1
133187174916606976,-0.129667,-0.48059,0.867306,6.41156,-0.986917,-0.0219759,-0.159727,0.225851,0.0958225,-0.87667,-0.471453,-3.77798,0,0,0,1
133187174916940337,-0.132196,-0.479836,0.867342,6.41259,-0.986733,-0.0194948,-0.161178,0.225738,0.0942475,-0.877142,-0.470893,-3.77933,0,0,0,1
133187174917269897,-0.13679,-0.478727,0.867242,6.4135,-0.986107,-0.0174859,-0.165191,0.225319,0.0942457,-0.87779,-0.469684,-3.78058,0,0,0,1
133187174917596644,-0.139622,-0.476665,0.867926,6.41437,-0.985729,-0.0163369,-0.167545,0.224983,0.094042,-0.878933,-0.467582,-3.78164,0,0,0,1
133187174917927707,-0.140509,-0.473495,0.869517,6.41524,-0.985671,-0.0158823,-0.167928,0.2248,0.0933227,-0.880653,-0.464479,-3.78245,0,0,0,1
133187174918916111,-0.141744,-0.463734,0.874563,6.4171,-0.985551,-0.0166509,-0.168561,0.224698,0.0927296,-0.885818,-0.454673,-3.78412,0,0,0,1
133187174919250679,-0.141326,-0.462337,0.875369,6.41722,-0.985565,-0.0175478,-0.168385,0.224742,0.0932117,-0.886531,-0.453183,-3.78477,0,0,0,1
133187174919585483,-0.140621,-0.462014,0.875653,6.41706,-0.985567,-0.0188714,-0.168229,0.224802,0.0942489,-0.886672,-0.452693,-3.78547,0,0,0,1
133187174919908452,-0.138624,-0.462043,0.875956,6.4168,-0.985779,-0.0204608,-0.166796,0.22503,0.0949899,-0.886621,-0.452636,-3.78619,0,0,0,1
133187174920237896,-0.1356,-0.461722,0.876599,6.41657,-0.986117,-0.0226982,-0.164496,0.225271,0.0958484,-0.886735,-0.452234,-3.78686,0,0,0,1
133187174920565792,-0.132682,-0.46137,0.877231,6.41636,-0.986349,-0.0256268,-0.162664,0.225401,0.0975286,-0.886838,-0.451671,-3.78744,0,0,0,1
133187174920899671,-0.130832,-0.460806,0.877805,6.41621,-0.986417,-0.0281942,-0.161821,0.225426,0.099317,-0.887053,-0.450859,-3.7879,0,0,0,1
133187174921247316,-0.129279,-0.460017,0.878448,6.41612,-0.986486,-0.030259,-0.161024,0.225393,0.100655,-0.887394,-0.449889,-3.78814,0,0,0,1
133187174921557715,-0.127711,-0.459251,0.879078,6.41606,-0.986677,-0.0312413,-0.159664,0.22546,0.10079,-0.887757,-0.449142,-3.7882,0,0,0,1
133187174921885380,-0.126901,-0.458256,0.879714,6.41591,-0.98687,-0.0310109,-0.158512,0.225514,0.09992,-0.888279,-0.448304,-3.78819,0,0,0,1
133187174922220741,-0.127453,-0.457026,0.880274,6.41569,-0.986873,-0.0303116,-0.158625,0.225535,0.0991784,-0.888936,-0.447164,-3.78812,0,0,0,1
133187174922545420,-0.126828,-0.455889,0.880954,6.41544,-0.986937,-0.0309567,-0.158106,0.225644,0.0993502,-0.889498,-0.446008,-3.78805,0,0,0,1
133187174924201996,-0.126654,-0.465561,0.875906,6.41214,-0.986726,-0.0313455,-0.159339,0.225508,0.101638,-0.88446,-0.455411,-3.78829,0,0,0,1
133187174924527534,-0.127124,-0.470477,0.873207,6.41114,-0.986542,-0.0312945,-0.160485,0.225327,0.102831,-0.881857,-0.460167,-3.78831,0,0,0,1
133187174924856793,-0.126526,-0.474103,0.871331,6.41028,-0.986552,-0.0314857,-0.160389,0.225324,0.103475,-0.879906,-0.463744,-3.78816,0,0,0,1
133187174925191339,-0.126231,-0.475537,0.870592,6.40966,-0.986648,-0.030858,-0.159915,0.225354,0.10291,-0.879154,-0.465292,-3.78772,0,0,0,1
133187174925516118,-0.126463,-0.475423,0.87062,6.40924,-0.986691,-0.0301495,-0.159788,0.225407,0.102216,-0.87924,-0.465282,-3.78726,0,0,0,1
133187174925847136,-0.125397,-0.47561,0.870673,6.40874,-0.986962,-0.0294592,-0.158237,0.225669,0.100909,-0.879163,-0.465715,-3.78688,0,0,0,1
133187174926176008,-0.123577,-0.475614,0.87093,6.40828,-0.987297,-0.0293975,-0.156142,0.226067,0.0998667,-0.879163,-0.46594,-3.78664,0,0,0,1
133187174926507085,-0.120896,-0.475587,0.871321,6.40791,-0.987648,-0.0305104,-0.15369,0.226436,0.0996774,-0.879139,-0.466024,-3.78651,0,0,0,1
133187174926836774,-0.118924,-0.475159,0.871826,6.40762,-0.98786,-0.0317658,-0.152066,0.226593,0.0999498,-0.879326,-0.465613,-3.78646,0,0,0,1
133187174927171708,-0.118057,-0.474504,0.8723,6.40741,-0.987903,-0.0328236,-0.151558,0.22657,0.100547,-0.879641,-0.464889,-3.78649,0,0,0,1
133187174930464539,-0.119739,-0.469125,0.874977,6.40691,-0.98749,-0.034802,-0.153796,0.226159,0.1026,-0.882446,-0.459089,-3.78502,0,0,0,1
133187174930797233,-0.119066,-0.470044,0.874575,6.40676,-0.98757,-0.0349655,-0.153242,0.226281,0.10261,-0.88195,-0.460038,-3.7853,0,0,0,1
133187174931129117,-0.118517,-0.471789,0.87371,6.40653,-0.987591,-0.0353017,-0.153028,0.226326,0.10304,-0.881004,-0.46175,-3.78564,0,0,0,1
133187174931457038,-0.118281,-0.473512,0.872809,6.40632,-0.987546,-0.0357368,-0.153217,0.226281,0.103742,-0.880062,-0.463387,-3.78593,0,0,0,1
133187174931792323,-0.11826,-0.474478,0.872287,6.40619,-0.987502,-0.0359724,-0.153447,0.226212,0.104186,-0.879532,-0.464294,-3.78613,0,0,0,1
133187174932117861,-0.118605,-0.474707,0.872116,6.40619,-0.987426,-0.0360631,-0.153916,0.22617,0.104516,-0.879405,-0.46446,-3.7862,0,0,0,1
133187174932444728,-0.118685,-0.474348,0.872301,6.40616,-0.987445,-0.0358425,-0.153843,0.226233,0.10424,-0.879608,-0.464138,-3.78622,0,0,0,1
133187174932776250,-0.117454,-0.473833,0.872747,6.4061,-0.987706,-0.0355552,-0.152229,0.226555,0.103162,-0.879897,-0.463832,-3.78609,0,0,0,1
133187174933439183,-0.109218,-0.473054,0.874237,6.40544,-0.989116,-0.0355176,-0.142788,0.227843,0.0985973,-0.880317,-0.464026,-3.78574,0,0,0,1
133187174934754625,-0.0874126,-0.473219,0.876597,6.40301,-0.992169,-0.0374478,-0.119153,0.230991,0.0892124,-0.880148,-0.46624,-3.78507,0,0,0,1
133187174935420260,-0.0870557,-0.473815,0.876311,6.40216,-0.992114,-0.038384,-0.119314,0.23105,0.0901693,-0.879788,-0.466736,-3.78515,0,0,0,1
133187174935748148,-0.0876594,-0.474206,0.876039,6.40178,-0.991958,-0.0390462,-0.120395,0.230858,0.091298,-0.879547,-0.466969,-3.78531,0,0,0,1
133187174936078960,-0.0874202,-0.474718,0.875786,6.40153,-0.991912,-0.03973,-0.120547,0.230815,0.092021,-0.879241,-0.467406,-3.78547,0,0,0,1
133187174936406429,-0.0869935,-0.475218,0.875557,6.40121,-0.991902,-0.0403154,-0.120435,0.230813,0.0925311,-0.878944,-0.467863,-3.78562,0,0,0,1
133187174938716028,-0.0891268,-0.474639,0.875656,6.401,-0.991692,-0.0395875,-0.122395,0.230643,0.0927586,-0.87929,-0.467167,-3.78537,0,0,0,1
133187174941358369,-0.0937517,-0.475703,0.874596,6.40131,-0.991226,-0.037612,-0.126711,0.229915,0.093172,-0.878802,-0.468003,-3.78541,0,0,0,1
133187174942675948,-0.0934994,-0.478375,0.873164,6.40063,-0.99097,-0.0399394,-0.127996,0.229571,0.0961039,-0.877247,-0.47032,-3.78622,0,0,0,1
133187174944681882,-0.0959606,-0.481735,0.871047,6.39985,-0.990503,-0.0403492,-0.131436,0.230007,0.0984635,-0.875387,-0.473288,-3.78699,0,0,0,1
133187174948311847,-0.0998452,-0.478039,0.872645,6.40197,-0.99013,-0.0389576,-0.134629,0.229541,0.0983541,-0.877474,-0.469431,-3.7862,0,0,0,1
133187174948645759,-0.100488,-0.477391,0.872926,6.40241,-0.990085,-0.0385734,-0.13507,0.229529,0.098153,-0.877844,-0.468781,-3.78604,0,0,0,1
133187174948989551,-0.100965,-0.476851,0.873166,6.40272,-0.990063,-0.0381948,-0.135341,0.229503,0.097888,-0.878154,-0.468256,-3.78595,0,0,0,1
133187174949328180,-0.101216,-0.476525,0.873315,6.40296,-0.990065,-0.0378776,-0.135415,0.229454,0.0976073,-0.878345,-0.467957,-3.78584,0,0,0,1
133187174949635746,-0.101482,-0.476365,0.873371,6.4032,-0.990053,-0.0376353,-0.135568,0.229464,0.0974495,-0.878442,-0.467807,-3.78579,0,0,0,1
133187174949972663,-0.101477,-0.476342,0.873385,6.40337,-0.990058,-0.037605,-0.135543,0.229454,0.0974084,-0.878456,-0.46779,-3.78582,0,0,0,1
133187174950292559,-0.101114,-0.476604,0.873284,6.40349,-0.990086,-0.0378132,-0.135274,0.229441,0.0974939,-0.878305,-0.468055,-3.78588,0,0,0,1
133187174950621947,-0.100543,-0.477272,0.872985,6.40347,-0.990125,-0.0381525,-0.134893,0.229429,0.0976873,-0.877927,-0.468723,-3.78599,0,0,0,1
133187174950953773,-0.100089,-0.478495,0.872367,6.40332,-0.990196,-0.0379599,-0.134428,0.229491,0.0974382,-0.877269,-0.470005,-3.78629,0,0,0,1
133187174951331689,-0.0988533,-0.482554,0.87027,6.40282,-0.990395,-0.0372565,-0.133156,0.22959,0.0966781,-0.875074,-0.474236,-3.78671,0,0,0,1
133187174951611376,-0.0972313,-0.488182,0.867308,6.40207,-0.990587,-0.0368967,-0.13182,0.229767,0.0963529,-0.871961,-0.48,-3.78739,0,0,0,1
133187174951948277,-0.0930777,-0.498387,0.861944,6.40065,-0.991088,-0.0364767,-0.128115,0.230257,0.0952917,-0.866187,-0.490551,-3.78853,0,0,0,1
133187174952273266,-0.0862052,-0.513943,0.853482,6.39831,-0.991777,-0.0370681,-0.122495,0.230946,0.0945924,-0.857023,-0.506521,-3.79015,0,0,0,1
133187174952940526,-0.070996,-0.553724,0.829668,6.39215,-0.992821,-0.0410378,-0.112346,0.234064,0.0962564,-0.831688,-0.546836,-3.79488,0,0,0,1
133187174956895759,-0.0616153,-0.601288,0.796653,6.38718,-0.992729,-0.045774,-0.111329,0.233572,0.103407,-0.79772,-0.594095,-3.80072,0,0,0,1
133187174958212988,-0.063587,-0.599788,0.797629,6.38932,-0.992562,-0.0451325,-0.113065,0.233293,0.103814,-0.798885,-0.592457,-3.80097,0,0,0,1
133187174958877277,-0.0653902,-0.597423,0.799256,6.39085,-0.992385,-0.0448561,-0.114719,0.232984,0.104387,-0.800671,-0.58994,-3.80085,0,0,0,1
133187174959202251,-0.0665656,-0.595573,0.800539,6.39175,-0.992321,-0.0443143,-0.11548,0.23274,0.104252,-0.802078,-0.58805,-3.80067,0,0,0,1
133187174959536878,-0.0682083,-0.592758,0.802487,6.39287,-0.99223,-0.0435896,-0.116533,0.232276,0.104056,-0.8042,-0.585179,-3.80022,0,0,0,1
133187174959861831,-0.0703365,-0.58731,0.8063,6.3944,-0.992088,-0.0430808,-0.117923,0.230803,0.103994,-0.808215,-0.579633,-3.79925,0,0,0,1
133187174960194983,-0.074544,-0.576899,0.813407,6.39668,-0.991759,-0.0423393,-0.120918,0.230379,0.104197,-0.815717,-0.568989,-3.79824,0,0,0,1
133187174960525545,-0.0814266,-0.561913,0.823178,6.39972,-0.991151,-0.0412153,-0.126176,0.229701,0.104828,-0.826168,-0.553585,-3.79668,0,0,0,1
133187174960858108,-0.0917411,-0.542301,0.835161,6.40346,-0.990164,-0.0392891,-0.13428,0.22857,0.105633,-0.839265,-0.533363,-3.79465,0,0,0,1
133187174961192766,-0.106721,-0.51801,0.848691,6.40796,-0.988648,-0.0355074,-0.145993,0.227052,0.105761,-0.854637,-0.508341,-3.79212,0,0,0,1
133187174961518388,-0.124178,-0.491701,0.861864,6.41273,-0.986646,-0.031081,-0.159888,0.225287,0.105405,-0.870209,-0.481275,-3.78931,0,0,0,1
133187174961842653,-0.141637,-0.465396,0.873696,6.4173,-0.984292,-0.0277568,-0.174352,0.223363,0.105394,-0.884667,-0.454154,-3.78658,0,0,0,1
133187174962173409,-0.154299,-0.443318,0.882984,6.42124,-0.982543,-0.0251575,-0.184328,0.221955,0.10393,-0.896011,-0.431697,-3.78409,0,0,0,1
133187174962515705,-0.162151,-0.428785,0.888735,6.42409,-0.981745,-0.0206399,-0.189079,0.221337,0.0994181,-0.90317,-0.417611,-3.78228,0,0,0,1
133187174962837319,-0.168038,-0.422259,0.890764,6.42571,-0.981126,-0.0160718,-0.192702,0.221059,0.0956863,-0.906333,-0.411588,-3.78134,0,0,0,1
133187174963161313,-0.17119,-0.421733,0.890413,6.42643,-0.980794,-0.0127957,-0.194627,0.220969,0.0934742,-0.90663,-0.411443,-3.7811,0,0,0,1
133187174963490958,-0.171528,-0.42446,0.889051,6.42663,-0.980768,-0.0117319,-0.194825,0.221054,0.0931259,-0.905371,-0.414284,-3.78138,0,0,0,1
133187174964155889,-0.168872,-0.429892,0.886947,6.42673,-0.981107,-0.0128652,-0.193036,0.221308,0.0943956,-0.902789,-0.419597,-3.78228,0,0,0,1
133187174964484159,-0.167524,-0.431282,0.886528,6.42694,-0.981236,-0.0141271,-0.192293,0.221342,0.095457,-0.902106,-0.420822,-3.7826,0,0,0,1
133187174964812486,-0.167282,-0.431545,0.886445,6.42728,-0.981219,-0.014724,-0.192335,0.221309,0.0960534,-0.901971,-0.420977,-3.78284,0,0,0,1
133187174965145150,-0.167494,-0.431095,0.886624,6.42772,-0.98117,-0.0148467,-0.192574,0.22125,0.0961813,-0.902184,-0.42049,-3.78298,0,0,0,1
133187174965473272,-0.167811,-0.43043,0.886888,6.42819,-0.981143,-0.014598,-0.19273,0.221237,0.0959035,-0.902506,-0.419863,-3.78308,0,0,0,1
133187174965804427,-0.168163,-0.429885,0.887085,6.42859,-0.981111,-0.0143039,-0.192919,0.221236,0.0956214,-0.902771,-0.419359,-3.78324,0,0,0,1
133187174966133154,-0.167934,-0.429899,0.887122,6.42884,-0.981166,-0.0142432,-0.19264,0.221288,0.0954511,-0.902765,-0.419411,-3.78349,0,0,0,1
133187174966463906,-0.166925,-0.43042,0.88706,6.42896,-0.981328,-0.014663,-0.191779,0.221403,0.0955525,-0.90251,-0.419935,-3.78384,0,0,0,1
133187174966794359,-0.165532,-0.431259,0.886913,6.42897,-0.981521,-0.0154971,-0.190725,0.221503,0.0959966,-0.902095,-0.420724,-3.78426,0,0,0,1
133187174967451037,-0.161815,-0.433968,0.886277,6.42873,-0.982003,-0.0178281,-0.188022,0.221726,0.0973963,-0.900752,-0.423273,-3.78521,0,0,0,1
133187174968127793,-0.154612,-0.437629,0.885763,6.42801,-0.983132,-0.0205109,-0.181742,0.22258,0.0977037,-0.898921,-0.427076,-3.786,0,0,0,1
133187174968442280,-0.14332,-0.439081,0.886943,6.42709,-0.985095,-0.022846,-0.17049,0.224156,0.0951221,-0.898157,-0.429263,-3.78623,0,0,0,1
133187174968774970,-0.122662,-0.440564,0.889302,6.42546,-0.988402,-0.0266056,-0.149511,0.227041,0.0895296,-0.897327,-0.432191,-3.7863,0,0,0,1
133187174969109004,-0.0955756,-0.442483,0.891669,6.42311,-0.992048,-0.0313476,-0.121891,0.230773,0.0818863,-0.896229,-0.435969,-3.78619,0,0,0,1
133187174969460737,-0.0671024,-0.445002,0.893012,6.42007,-0.994999,-0.036528,-0.0929684,0.234673,0.0739911,-0.894784,-0.440326,-3.78594,0,0,0,1
133187174969763951,-0.0471817,-0.447564,0.893006,6.41738,-0.996514,-0.040484,-0.0729411,0.23746,0.0687984,-0.893335,-0.444093,-3.78568,0,0,0,1
133187174970092967,-0.0288899,-0.450082,0.89252,6.41467,-0.997532,-0.0441842,-0.0545702,0.239915,0.0639963,-0.891893,-0.447695,-3.78536,0,0,0,1
133187174971412016,0.0115629,-0.451018,0.89244,6.40811,-0.998562,-0.0519198,-0.0133015,0.24515,0.0523348,-0.891003,-0.45097,-3.78362,0,0,0,1
133187174971762762,0.0146306,-0.450187,0.892814,6.40735,-0.998608,-0.0518351,-0.00977266,0.245596,0.0506785,-0.891428,-0.450319,-3.78316,0,0,0,1
133187174972073813,0.0154043,-0.449679,0.893058,6.4069,-0.998637,-0.0514627,-0.00868699,0.245675,0.0498653,-0.891707,-0.449859,-3.78281,0,0,0,1
133187174972403113,0.0153191,-0.449489,0.893154,6.40667,-0.998663,-0.0509828,-0.00852919,0.245684,0.0493695,-0.89183,-0.449669,-3.78258,0,0,0,1
133187174972734935,0.0140988,-0.449793,0.893022,6.40658,-0.998677,-0.0505047,-0.009671,0.245462,0.0494517,-0.891704,-0.44991,-3.78242,0,0,0,1
133187174973066287,0.0119846,-0.450353,0.89277,6.4066,-0.998683,-0.0499377,-0.0117842,0.245164,0.0498898,-0.891453,-0.450359,-3.7823,0,0,0,1
133187174973391646,0.01047,-0.450983,0.892471,6.40668,-0.998685,-0.0495173,-0.0133061,0.244931,0.0501936,-0.891158,-0.450908,-3.78224,0,0,0,1
133187174974711430,0.0045948,-0.450958,0.892534,6.40762,-0.99868,-0.0477414,-0.0189803,0.244066,0.0511701,-0.891268,-0.450582,-3.7821,0,0,0,1
133187174976038118,-0.0148022,-0.452628,0.891577,6.4101,-0.99829,-0.0437403,-0.0387796,0.24134,0.0565506,-0.890626,-0.451206,-3.78297,0,0,0,1
133187174976364208,-0.0277258,-0.454933,0.890094,6.41136,-0.997669,-0.0429474,-0.0530275,0.239347,0.0623513,-0.889489,-0.452682,-3.78369,0,0,0,1
133187174976691409,-0.0481583,-0.459601,0.886819,6.41298,-0.996173,-0.0427376,-0.0762457,0.236046,0.072943,-0.887097,-0.455784,-3.78504,0,0,0,1
133187174977022356,-0.0783138,-0.465919,0.881355,6.41512,-0.993024,-0.0417163,-0.110289,0.231237,0.0881524,-0.883844,-0.459402,-3.78682,0,0,0,1
133187174977357583,-0.116716,-0.471694,0.874003,6.41754,-0.987389,-0.0396593,-0.153262,0.225291,0.106955,-0.88087,-0.461117,-3.78873,0,0,0,1
133187174977692334,-0.146518,-0.475196,0.867595,6.41955,-0.981724,-0.0378344,-0.186514,0.220593,0.121456,-0.879066,-0.460968,-3.79018,0,0,0,1
133187174978029154,-0.158868,-0.475727,0.865127,6.42101,-0.979175,-0.0362675,-0.199755,0.218321,0.126405,-0.878845,-0.460058,-3.79099,0,0,0,1
133187174978359744,-0.165188,-0.474034,0.864872,6.42187,-0.977974,-0.0347177,-0.205819,0.2173,0.127592,-0.879821,-0.457858,-3.79122,0,0,0,1
133187174978671527,-0.168114,-0.471635,0.86562,6.42227,-0.977523,-0.0335686,-0.208137,0.217018,0.127223,-0.881154,-0.455391,-3.79108,0,0,0,1
133187174979001935,-0.167752,-0.469336,0.866939,6.42225,-0.977831,-0.0325766,-0.206846,0.217321,0.125322,-0.882419,-0.453466,-3.7908,0,0,0,1
133187174979340832,-0.165224,-0.467899,0.868201,6.42187,-0.978606,-0.0316567,-0.203295,0.217914,0.122606,-0.883215,-0.452658,-3.79053,0,0,0,1
133187174979664179,-0.162216,-0.467504,0.86898,6.42136,-0.979387,-0.0311369,-0.199578,0.218513,0.120361,-0.883442,-0.452817,-3.7904,0,0,0,1
133187174979996747,-0.159806,-0.467797,0.869269,6.42078,-0.979944,-0.0310212,-0.196846,0.218915,0.11905,-0.883291,-0.453458,-3.79035,0,0,0,1
133187174980322524,-0.15838,-0.468192,0.869317,6.42026,-0.980243,-0.0310957,-0.195337,0.21915,0.118487,-0.88308,-0.454016,-3.79032,0,0,0,1
133187174980655019,-0.157217,-0.468579,0.869319,6.41975,-0.980419,-0.0316433,-0.194366,0.219218,0.118584,-0.882854,-0.454429,-3.79034,0,0,0,1
133187174981979578,-0.155971,-0.467393,0.870182,6.41832,-0.980786,-0.031234,-0.192572,0.219491,0.117186,-0.883498,-0.453541,-3.78969,0,0,0,1
133187174982302995,-0.154778,-0.466925,0.870646,6.41793,-0.981063,-0.0312252,-0.191154,0.219666,0.116441,-0.883745,-0.45325,-3.7894,0,0,0,1
133187174982633482,-0.153674,-0.466718,0.870953,6.41752,-0.981298,-0.0313196,-0.189927,0.219845,0.11592,-0.883852,-0.453176,-3.7891,0,0,0,1
133187174982979799,-0.152684,-0.466725,0.871123,6.41712,-0.981526,-0.0312274,-0.188766,0.220041,0.115304,-0.883851,-0.453334,-3.7888,0,0,0,1
133187174984941884,-0.145662,-0.463501,0.874042,6.41528,-0.983325,-0.029402,-0.179466,0.22161,0.108881,-0.885609,-0.451489,-3.78615,0,0,0,1
133187174985275649,-0.144448,-0.462828,0.8746,6.41501,-0.98362,-0.0291545,-0.177883,0.221864,0.107828,-0.885968,-0.451035,-3.78579,0,0,0,1
133187174985605445,-0.143859,-0.46232,0.874965,6.41481,-0.983759,-0.0290941,-0.17712,0.221993,0.107343,-0.886236,-0.450626,-3.78549,0,0,0,1
133187174985935777,-0.143571,-0.462078,0.875141,6.4146,-0.983802,-0.0292675,-0.176851,0.222009,0.107332,-0.886356,-0.450391,-3.78523,0,0,0,1
133187174986264882,-0.143196,-0.462028,0.875228,6.41439,-0.983843,-0.0295665,-0.176575,0.222013,0.10746,-0.886372,-0.450329,-3.78508,0,0,0,1
133187174986592914,-0.142985,-0.46215,0.875199,6.41415,-0.98384,-0.0299205,-0.176534,0.222004,0.107771,-0.886297,-0.450403,-3.78501,0,0,0,1
133187174988241766,-0.141492,-0.463556,0.874697,6.41297,-0.983891,-0.0316684,-0.175939,0.22198,0.109258,-0.885501,-0.451608,-3.78463,0,0,0,1
133187174988574949,-0.14156,-0.463655,0.874634,6.41275,-0.983885,-0.03159,-0.175989,0.221984,0.109228,-0.885452,-0.451712,-3.78447,0,0,0,1
133187174988909094,-0.141822,-0.463605,0.874618,6.41245,-0.983872,-0.0312839,-0.17612,0.221972,0.109011,-0.885489,-0.451691,-3.78429,0,0,0,1
133187174989232437,-0.142108,-0.463527,0.874613,6.41208,-0.98387,-0.0308409,-0.176206,0.22203,0.10865,-0.885546,-0.451668,-3.78413,0,0,0,1
133187174989588953,-0.142561,-0.463788,0.874401,6.41141,-0.983866,-0.0300786,-0.176362,0.222169,0.108095,-0.885435,-0.452018,-3.78399,0,0,0,1
133187174989889350,-0.141039,-0.464839,0.87409,6.41063,-0.984118,-0.030303,-0.174908,0.22249,0.107791,-0.884877,-0.453182,-3.78399,0,0,0,1
133187174990221322,-0.135909,-0.46808,0.873172,6.40944,-0.984712,-0.0331045,-0.171016,0.222768,0.108955,-0.883066,-0.456425,-3.784,0,0,0,1
133187174990551044,-0.135257,-0.471657,0.871347,6.40815,-0.984587,-0.034436,-0.171475,0.222553,0.110883,-0.881109,-0.45973,-3.78376,0,0,0,1
133187174990886805,-0.142763,-0.472276,0.869813,6.40693,-0.983536,-0.0306833,-0.178088,0.221986,0.110795,-0.880916,-0.46012,-3.78275,0,0,0,1
133187174991212533,-0.150853,-0.468494,0.870492,6.40579,-0.98288,-0.0231471,-0.182787,0.22193,0.105784,-0.883163,-0.456982,-3.78119,0,0,0,1
133187174991547731,-0.155157,-0.461592,0.873418,6.40466,-0.983009,-0.0156369,-0.182889,0.222353,0.0980775,-0.886955,-0.451323,-3.77936,0,0,0,1
133187174992860354,-0.159779,-0.433986,0.886638,6.39849,-0.983042,-0.0119271,-0.18299,0.223153,0.0899904,-0.90084,-0.424721,-3.77453,0,0,0,1
133187174993193668,-0.157209,-0.43197,0.888081,6.39654,-0.983262,-0.015394,-0.181546,0.223375,0.0920934,-0.901757,-0.422319,-3.77397,0,0,0,1
133187174993527475,-0.154304,-0.431836,0.888655,6.39465,-0.983595,-0.0179265,-0.1795,0.223765,0.0934448,-0.901774,-0.421986,-3.77338,0,0,0,1
133187174993860652,-0.151586,-0.432752,0.888678,6.39297,-0.984021,-0.0188861,-0.177046,0.224332,0.0934004,-0.901315,-0.422974,-3.77286,0,0,0,1
133187174994184252,-0.149858,-0.433356,0.888676,6.3917,-0.984417,-0.0182436,-0.174899,0.225053,0.0920064,-0.901038,-0.423869,-3.77237,0,0,0,1
133187174994512671,-0.148884,-0.43359,0.888726,6.39076,-0.984736,-0.0169355,-0.17323,0.225785,0.090162,-0.900951,-0.42445,-3.77196,0,0,0,1
133187174994840590,-0.147427,-0.433998,0.888769,6.39005,-0.98506,-0.0164332,-0.171425,0.226512,0.0890033,-0.900764,-0.425092,-3.77189,0,0,0,1
133187174995170427,-0.145327,-0.434743,0.888751,6.38948,-0.985366,-0.0172697,-0.169573,0.227147,0.0890692,-0.900389,-0.425871,-3.77221,0,0,0,1
133187174996162513,-0.136727,-0.442073,0.886497,6.38819,-0.985391,-0.0310338,-0.167456,0.22797,0.101539,-0.896442,-0.431371,-3.7749,0,0,0,1
133187174996497212,-0.134241,-0.444738,0.885544,6.38792,-0.985203,-0.0361978,-0.167527,0.228009,0.10656,-0.894929,-0.433298,-3.77584,0,0,0,1
133187174999924588,-0.125235,-0.496912,0.858717,6.38689,-0.982849,-0.0559591,-0.17572,0.226644,0.13537,-0.865995,-0.481382,-3.77957,0,0,0,1
133187175001109905,-0.132546,-0.506756,0.851839,6.38962,-0.981611,-0.0520003,-0.183673,0.225295,0.137373,-0.86052,-0.490545,-3.78039,0,0,0,1
133187175001439713,-0.134071,-0.506443,0.851786,6.39056,-0.981313,-0.0518632,-0.185295,0.224873,0.138018,-0.860712,-0.490026,-3.78064,0,0,0,1
133187175001771659,-0.135068,-0.505581,0.852141,6.39129,-0.981069,-0.0522172,-0.186484,0.224545,0.138779,-0.861198,-0.488957,-3.78093,0,0,0,1
133187175002100894,-0.135619,-0.504569,0.852653,6.39173,-0.980895,-0.0527674,-0.187243,0.224355,0.139469,-0.861757,-0.487773,-3.78122,0,0,0,1
133187175003091730,-0.133707,-0.500828,0.855157,6.39144,-0.980998,-0.0555267,-0.185902,0.224404,0.140589,-0.863764,-0.483887,-3.78217,0,0,0,1
133187175003421737,-0.131219,-0.500186,0.855918,6.39091,-0.981244,-0.057456,-0.184009,0.224547,0.141216,-0.86401,-0.483265,-3.78268,0,0,0,1
133187175003749313,-0.128385,-0.499998,0.856458,6.39042,-0.981487,-0.0597078,-0.181984,0.224675,0.142128,-0.863966,-0.483076,-3.78315,0,0,0,1
133187175004081439,-0.125793,-0.50016,0.856747,6.38985,-0.981674,-0.0618557,-0.180247,0.224717,0.143147,-0.863721,-0.483214,-3.78367,0,0,0,1
133187175004412256,-0.124639,-0.500121,0.856939,6.38942,-0.981725,-0.0630178,-0.179567,0.224775,0.143808,-0.86366,-0.483126,-3.78415,0,0,0,1
133187175004743545,-0.123899,-0.49973,0.857274,6.38908,-0.981811,-0.0635129,-0.178922,0.224827,0.14386,-0.86385,-0.482771,-3.78438,0,0,0,1
133187175005073896,-0.123255,-0.49864,0.858001,6.38883,-0.982042,-0.0631547,-0.177777,0.224949,0.142834,-0.864505,-0.481902,-3.78451,0,0,0,1
133187175006072564,-0.122708,-0.496437,0.859356,6.3886,-0.982317,-0.0626189,-0.17644,0.225119,0.141403,-0.865811,-0.479975,-3.7845,0,0,0,1
133187175006414779,-0.122784,-0.495992,0.859602,6.38864,-0.982441,-0.0618594,-0.176022,0.2252,0.14048,-0.866121,-0.479688,-3.78431,0,0,0,1
133187175006722483,-0.122844,-0.495616,0.85981,6.38868,-0.982556,-0.0611475,-0.175627,0.225267,0.139619,-0.866386,-0.47946,-3.78414,0,0,0,1
133187175007055335,-0.123111,-0.495421,0.859885,6.38876,-0.982613,-0.0604937,-0.175536,0.225347,0.138982,-0.866544,-0.47936,-3.78394,0,0,0,1
133187175007380733,-0.123191,-0.495332,0.859924,6.38874,-0.982699,-0.0598742,-0.175268,0.225363,0.138303,-0.866638,-0.479387,-3.78383,0,0,0,1
133187175008057990,-0.12335,-0.495078,0.860048,6.38884,-0.982849,-0.0587738,-0.174794,0.225426,0.137085,-0.866858,-0.479337,-3.78339,0,0,0,1
133187175008371309,-0.12401,-0.494611,0.860222,6.38893,-0.982805,-0.0582955,-0.175201,0.225387,0.136803,-0.867157,-0.478877,-3.78322,0,0,0,1
133187175008700070,-0.124777,-0.493979,0.860474,6.38909,-0.982693,-0.0581479,-0.175881,0.22532,0.136916,-0.867527,-0.478174,-3.783,0,0,0,1
133187175009360948,-0.124704,-0.492918,0.861093,6.38929,-0.98263,-0.0588541,-0.175995,0.225285,0.13743,-0.868083,-0.477017,-3.78297,0,0,0,1
133187175009692498,-0.123251,-0.493131,0.86118,6.38935,-0.982759,-0.0598661,-0.174932,0.225363,0.13782,-0.867893,-0.47725,-3.78309,0,0,0,1
133187175010022880,-0.122751,-0.493331,0.861137,6.3895,-0.982832,-0.060003,-0.174473,0.225472,0.137744,-0.86777,-0.477496,-3.78324,0,0,0,1
133187175010352944,-0.122855,-0.493626,0.860953,6.3897,-0.982757,-0.0602838,-0.174799,0.2254,0.138187,-0.867583,-0.477708,-3.78334,0,0,0,1
133187175010680344,-0.123107,-0.493874,0.860775,6.38994,-0.982678,-0.0604084,-0.175201,0.225321,0.138525,-0.867433,-0.477882,-3.78344,0,0,0,1
133187175011035798,-0.12353,-0.49402,0.860631,6.3903,-0.982697,-0.0597159,-0.175329,0.225313,0.138009,-0.867398,-0.478095,-3.78344,0,0,0,1
133187175011344169,-0.124588,-0.494334,0.860298,6.39062,-0.982605,-0.0588738,-0.17613,0.225215,0.137716,-0.867276,-0.4784,-3.78343,0,0,0,1
133187175012332457,-0.128677,-0.494674,0.8595,6.39169,-0.982258,-0.0556576,-0.179088,0.224946,0.136428,-0.867294,-0.478736,-3.78356,0,0,0,1
133187175012675872,-0.129223,-0.495532,0.858923,6.39193,-0.982108,-0.0557045,-0.179893,0.224776,0.136989,-0.866801,-0.479468,-3.78382,0,0,0,1
133187175012991330,-0.129595,-0.496768,0.858153,6.39215,-0.981891,-0.0563151,-0.180882,0.22457,0.138183,-0.866054,-0.480474,-3.7841,0,0,0,1
133187175013386929,-0.129952,-0.498125,0.857312,6.39248,-0.981786,-0.0562164,-0.181483,0.224451,0.138596,-0.865281,-0.481747,-3.78428,0,0,0,1
133187175013657015,-0.130034,-0.498977,0.856804,6.39272,-0.981799,-0.0558486,-0.181529,0.224396,0.13843,-0.864814,-0.482633,-3.78432,0,0,0,1
133187175013982286,-0.130478,-0.499714,0.856307,6.39303,-0.981819,-0.0549772,-0.181686,0.224364,0.137868,-0.864444,-0.483456,-3.78423,0,0,0,1
133187175014313533,-0.131799,-0.499465,0.85625,6.39347,-0.981768,-0.0535817,-0.182375,0.224329,0.136969,-0.864676,-0.483296,-3.78394,0,0,0,1
133187175014640931,-0.132955,-0.498444,0.856666,6.39397,-0.981731,-0.052471,-0.182895,0.224217,0.136113,-0.865333,-0.482362,-3.78337,0,0,0,1
133187175014971874,-0.134769,-0.496361,0.857592,6.39447,-0.981709,-0.0505786,-0.183547,0.224245,0.134481,-0.866642,-0.480465,-3.78267,0,0,0,1
133187175015372331,-0.13661,-0.492877,0.859308,6.39495,-0.981813,-0.0480765,-0.18366,0.224328,0.131834,-0.86877,-0.477345,-3.78162,0,0,0,1
133187175015630800,-0.136722,-0.490858,0.860445,6.39506,-0.982086,-0.0465343,-0.182597,0.224528,0.129669,-0.869996,-0.475703,-3.78104,0,0,0,1
133187175015961552,-0.136483,-0.488759,0.861677,6.39512,-0.982491,-0.0445731,-0.180902,0.224864,0.126825,-0.87128,-0.474117,-3.78037,0,0,0,1
133187175016620658,-0.136833,-0.485879,0.863249,6.39441,-0.982993,-0.0411447,-0.178972,0.225391,0.122477,-0.873057,-0.471986,-3.7794,0,0,0,1
133187175016951049,-0.136114,-0.484347,0.864222,6.39373,-0.983241,-0.0407495,-0.177697,0.225549,0.121284,-0.873926,-0.470684,-3.77899,0,0,0,1
133187175017346759,-0.134659,-0.482605,0.865424,6.39269,-0.98345,-0.0417433,-0.176302,0.225589,0.12121,-0.874843,-0.468997,-3.77854,0,0,0,1
133187175017625873,-0.134757,-0.481201,0.866191,6.39186,-0.983477,-0.0416924,-0.176165,0.225574,0.120884,-0.875618,-0.467631,-3.77829,0,0,0,1
133187175018271274,-0.135462,-0.480246,0.86661,6.38951,-0.982813,-0.0455828,-0.178887,0.224719,0.125412,-0.875948,-0.465817,-3.77775,0,0,0,1
133187175018930486,-0.14665,-0.477523,0.866294,6.38695,-0.980935,-0.0426899,-0.189589,0.223135,0.127515,-0.877582,-0.462159,-3.77721,0,0,0,1
133187175019286284,-0.150966,-0.47679,0.865957,6.38512,-0.980175,-0.0415132,-0.193736,0.222385,0.12832,-0.878037,-0.46107,-3.77744,0,0,0,1
133187175019590978,-0.152494,-0.47683,0.865667,6.38336,-0.979476,-0.0438979,-0.196722,0.221635,0.131804,-0.877899,-0.46035,-3.778,0,0,0,1
133187175019921877,-0.152505,-0.478615,0.864679,6.3814,-0.978643,-0.0488908,-0.199667,0.220893,0.137838,-0.876663,-0.460937,-3.77873,0,0,0,1
133187175020251394,-0.150539,-0.481554,0.863391,6.37986,-0.97827,-0.053386,-0.200345,0.220598,0.14257,-0.874789,-0.463053,-3.77946,0,0,0,1
133187175020586161,-0.146087,-0.486698,0.861268,6.37881,-0.978438,-0.0574081,-0.198402,0.220664,0.146006,-0.871682,-0.467817,-3.78006,0,0,0,1
133187175020913205,-0.142769,-0.492311,0.858631,6.37855,-0.978926,-0.0577457,-0.195881,0.221044,0.146017,-0.868502,-0.473692,-3.7805,0,0,0,1
133187175021246378,-0.141207,-0.497349,0.855982,6.3791,-0.979574,-0.0548427,-0.193461,0.221647,0.143162,-0.865815,-0.479446,-3.7807,0,0,0,1
133187175021572929,-0.138394,-0.501436,0.854054,6.38027,-0.980539,-0.0518749,-0.189348,0.222477,0.13925,-0.863638,-0.484498,-3.7809,0,0,0,1
133187175021904191,-0.132385,-0.505095,0.85285,6.38197,-0.981765,-0.051609,-0.182961,0.223265,0.136427,-0.861519,-0.489052,-3.78106,0,0,0,1
133187175022891801,-0.134272,-0.505165,0.852513,6.38885,-0.982321,-0.0453982,-0.181618,0.224001,0.13045,-0.861828,-0.490139,-3.78004,0,0,0,1
133187175023238820,-0.136915,-0.502221,0.853831,6.39127,-0.982424,-0.04155,-0.181975,0.22432,0.126869,-0.86374,-0.487705,-3.7795,0,0,0,1
133187175023556143,-0.136689,-0.500483,0.854888,6.39304,-0.982824,-0.0394998,-0.18027,0.224658,0.12399,-0.864845,-0.486487,-3.77931,0,0,0,1
133187175023883116,-0.134791,-0.5,0.855471,6.39439,-0.983222,-0.0395994,-0.178065,0.224909,0.122909,-0.86512,-0.486273,-3.77941,0,0,0,1
133187175024213585,-0.132032,-0.500347,0.855698,6.39542,-0.983565,-0.0411243,-0.175808,0.225066,0.123155,-0.864847,-0.486694,-3.77958,0,0,0,1
133187175024540276,-0.129409,-0.500386,0.856077,6.39628,-0.983945,-0.0422099,-0.17341,0.225253,0.122907,-0.864773,-0.48689,-3.7796,0,0,0,1
133187175024870360,-0.127694,-0.499189,0.857032,6.3971,-0.984286,-0.0424798,-0.171397,0.225441,0.121966,-0.865451,-0.48592,-3.77933,0,0,0,1
133187175026197666,-0.132492,-0.479652,0.867398,6.40026,-0.984786,-0.0355675,-0.170091,0.225358,0.112436,-0.876738,-0.467642,-3.7759,0,0,0,1
133187175026522367,-0.134395,-0.474888,0.869724,6.40071,-0.984701,-0.0342363,-0.170856,0.22516,0.110914,-0.87938,-0.463021,-3.77509,0,0,0,1
133187175026851253,-0.135555,-0.471729,0.871262,6.40086,-0.984657,-0.0333949,-0.171278,0.225022,0.109893,-0.881111,-0.459964,-3.77455,0,0,0,1
133187175027181430,-0.135117,-0.470221,0.872144,6.40072,-0.984785,-0.0333478,-0.170548,0.224986,0.109279,-0.881918,-0.458561,-3.7742,0,0,0,1
133187175027509418,-0.134545,-0.469716,0.872505,6.40046,-0.984791,-0.0342996,-0.170326,0.224872,0.109931,-0.882151,-0.457957,-3.77397,0,0,0,1
133187175027861184,-0.134158,-0.469331,0.872772,6.40015,-0.984726,-0.0354996,-0.170457,0.224691,0.110983,-0.882308,-0.4574,-3.77365,0,0,0,1
133187175028171047,-0.134817,-0.468535,0.873097,6.39992,-0.984596,-0.0356627,-0.171171,0.224509,0.111337,-0.882725,-0.45651,-3.77322,0,0,0,1
133187175028537269,-0.136027,-0.467242,0.873603,6.39968,-0.984445,-0.0352205,-0.172124,0.224291,0.111193,-0.883428,-0.455183,-3.77257,0,0,0,1
133187175028830748,-0.137311,-0.466343,0.873882,6.39949,-0.984277,-0.0347232,-0.173187,0.224105,0.111108,-0.883922,-0.454243,-3.77207,0,0,0,1
133187175029493652,-0.139155,-0.466153,0.873692,6.39884,-0.984117,-0.033103,-0.174405,0.223917,0.110221,-0.884085,-0.454143,-3.77096,0,0,0,1
133187175030480446,-0.13661,-0.471095,0.87144,6.39734,-0.984651,-0.0318847,-0.171595,0.224348,0.108623,-0.881506,-0.459508,-3.76968,0,0,0,1
133187175030817361,-0.135216,-0.472304,0.871003,6.39695,-0.98502,-0.030869,-0.169655,0.224671,0.107016,-0.880895,-0.461054,-3.76915,0,0,0,1
133187175031140010,-0.134061,-0.473041,0.870781,6.39673,-0.985327,-0.0300385,-0.168014,0.224985,0.105634,-0.880528,-0.462073,-3.76869,0,0,0,1
133187175031799890,-0.135025,-0.47419,0.870007,6.39652,-0.985189,-0.029413,-0.168932,0.224953,0.105695,-0.879931,-0.463196,-3.76781,0,0,0,1
133187175032130217,-0.13725,-0.473946,0.869792,6.39652,-0.984815,-0.028951,-0.171175,0.224699,0.106309,-0.880078,-0.462776,-3.76743,0,0,0,1
133187175032460882,-0.140387,-0.472946,0.869835,6.39663,-0.984326,-0.0280483,-0.174116,0.224326,0.106745,-0.880645,-0.461596,-3.76716,0,0,0,1
133187175032794253,-0.144486,-0.472215,0.869561,6.39657,-0.983609,-0.0272664,-0.178243,0.223809,0.107879,-0.881062,-0.460535,-3.76707,0,0,0,1
133187175033124472,-0.148984,-0.472621,0.868581,6.39616,-0.982691,-0.0270395,-0.18327,0.223208,0.110103,-0.880851,-0.460412,-3.76712,0,0,0,1
133187175033455441,-0.152172,-0.474751,0.866865,6.39521,-0.981806,-0.0281844,-0.187784,0.222692,0.113583,-0.879669,-0.461824,-3.76734,0,0,0,1
133187175033780643,-0.150978,-0.477006,0.865835,6.39414,-0.981767,-0.0299752,-0.187708,0.222672,0.115492,-0.878389,-0.463784,-3.76749,0,0,0,1
133187175034114588,-0.148687,-0.479083,0.865084,6.39301,-0.982033,-0.0312591,-0.1861,0.222886,0.116199,-0.877213,-0.465827,-3.76766,0,0,0,1
133187175034774177,-0.149907,-0.481034,0.863791,6.39137,-0.98177,-0.0308379,-0.187555,0.222791,0.116858,-0.876159,-0.467642,-3.76807,0,0,0,1
133187175035105563,-0.153597,-0.481685,0.862779,6.39063,-0.980937,-0.0308574,-0.19186,0.222246,0.119039,-0.875801,-0.467763,-3.76839,0,0,0,1
133187175035431137,-0.157286,-0.481731,0.862089,6.3898,-0.979956,-0.0319356,-0.196636,0.22155,0.122257,-0.875737,-0.467052,-3.76882,0,0,0,1
133187175035765510,-0.160285,-0.48092,0.861988,6.38887,-0.978929,-0.0344803,-0.201268,0.220873,0.126516,-0.876086,-0.46526,-3.76931,0,0,0,1
