133187174889221866,-0.121402,-0.484046,0.86658,6.38355,-0.987947,-0.0255437,-0.152673,0.225359,0.0960362,-0.87467,-0.475111,-3.76562,0,0,0,1
133187174889546750,-0.122308,-0.483792,0.866595,6.38415,-0.987952,-0.0240817,-0.152879,0.225614,0.0948307,-0.874852,-0.475018,-3.76438,0,0,0,1
133187174889877109,-0.12248,-0.483663,0.866642,6.38475,-0.988111,-0.0223334,-0.152111,0.225981,0.0929255,-0.874969,-0.475178,-3.76321,0,0,0,1
133187174890211568,-0.122656,-0.484085,0.866382,6.38535,-0.988208,-0.0210493,-0.151665,0.226297,0.0916552,-0.874768,-0.475794,-3.76224,0,0,0,1
133187174890537824,-0.123282,-0.484734,0.86593,6.38592,-0.988165,-0.0202935,-0.152045,0.226452,0.0912743,-0.874426,-0.476495,-3.76148,0,0,0,1
133187174891199822,-0.124635,-0.484932,0.865626,6.38728,-0.988063,-0.0189555,-0.152883,0.226646,0.0905459,-0.874347,-0.476781,-3.76043,0,0,0,1
133187174891526656,-0.125803,-0.484815,0.865522,6.38805,-0.987929,-0.0182631,-0.153825,0.22663,0.0903837,-0.874426,-0.476665,-3.76017,0,0,0,1
133187174891856741,-0.127245,-0.484558,0.865455,6.38883,-0.987731,-0.0177342,-0.155153,0.226558,0.0905286,-0.874579,-0.476356,-3.76005,0,0,0,1
133187174892194173,-0.128715,-0.484037,0.865529,6.38966,-0.987533,-0.0171906,-0.156472,0.226501,0.0906174,-0.874878,-0.47579,-3.76009,0,0,0,1
133187174892521637,-0.129767,-0.483182,0.86585,6.39045,-0.987366,-0.0171105,-0.157527,0.226505,0.0909294,-0.875353,-0.474857,-3.76033,0,0,0,1
133187174893178483,-0.130424,-0.48229,0.866248,6.39199,-0.987032,-0.019303,-0.159357,0.226417,0.0935773,-0.875799,-0.473518,-3.76122,0,0,0,1
133187174893508187,-0.131145,-0.482793,0.865859,6.39275,-0.986796,-0.0201674,-0.160708,0.226321,0.0950512,-0.875502,-0.473773,-3.76165,0,0,0,1
133187174893837298,-0.131053,-0.483074,0.865717,6.39349,-0.986809,-0.0201536,-0.160629,0.226344,0.095043,-0.875348,-0.474061,-3.76206,0,0,0,1
133187174894165724,-0.131178,-0.483527,0.865445,6.39421,-0.986826,-0.0196939,-0.160579,0.226303,0.0946882,-0.875108,-0.474573,-3.76249,0,0,0,1
133187174894500542,-0.131784,-0.484166,0.864995,6.39483,-0.986671,-0.0199683,-0.161498,0.226055,0.0954646,-0.874748,-0.475081,-3.76315,0,0,0,1
133187174894832559,-0.13318,-0.485615,0.863968,6.39527,-0.986085,-0.0225918,-0.164702,0.225526,0.0995007,-0.873881,-0.475849,-3.76398,0,0,0,1
133187174895161969,-0.134228,-0.486439,0.863342,6.39568,-0.985573,-0.0251087,-0.167379,0.224991,0.103097,-0.873354,-0.476051,-3.76477,0,0,0,1
133187174895490119,-0.134036,-0.486232,0.863488,6.39614,-0.985343,-0.0273814,-0.16837,0.224613,0.105511,-0.8734,-0.475435,-3.7656,0,0,0,1
133187174898455501,-0.138876,-0.495316,0.85754,6.40185,-0.983961,-0.0288833,-0.176032,0.223047,0.11196,-0.868233,-0.483361,-3.77055,0,0,0,1
133187174904399547,-0.140962,-0.473485,0.869449,6.40841,-0.983488,-0.0337063,-0.177807,0.221612,0.113495,-0.880157,-0.460916,-3.77442,0,0,0,1
133187174907374592,-0.156536,-0.463127,0.872359,6.40679,-0.980169,-0.0358214,-0.194899,0.219468,0.121512,-0.885568,-0.448335,-3.77395,0,0,0,1
133187174912319276,-0.143255,-0.460883,0.875823,6.40406,-0.983683,-0.0310125,-0.177217,0.222647,0.108838,-0.886919,-0.44892,-3.7677,0,0,0,1
133187174913640391,-0.138524,-0.481021,0.865696,6.40245,-0.984854,-0.0251305,-0.171555,0.22366,0.104277,-0.876349,-0.470254,-3.76989,0,0,0,1
133187174913968092,-0.135398,-0.486178,0.863306,6.40227,-0.985337,-0.0252301,-0.168746,0.224041,0.103822,-0.873495,-0.475633,-3.77104,0,0,0,1
133187174914305652,-0.133327,-0.490457,0.861206,6.40228,-0.985399,-0.0272367,-0.168065,0.22413,0.105885,-0.87104,-0.479665,-3.77215,0,0,0,1
133187174914628778,-0.129826,-0.491877,0.860931,6.40284,-0.985746,-0.0296793,-0.165604,0.224478,0.107008,-0.870159,-0.481012,-3.7731,0,0,0,1
133187174914957394,-0.125289,-0.489931,0.862711,6.40412,-0.986422,-0.0315497,-0.161172,0.22502,0.106181,-0.87119,-0.479325,-3.77376,0,0,0,1
133187174915342308,-0.124214,-0.486489,0.864811,6.40602,-0.986704,-0.031505,-0.159445,0.225322,0.104814,-0.873118,-0.476108,-3.7744,0,0,0,1
133187174915623813,-0.125494,-0.48452,0.865732,6.4074,-0.98665,-0.0303416,-0.160003,0.22536,0.103792,-0.874254,-0.474244,-3.77494,0,0,0,1
133187174915947299,-0.126553,-0.482821,0.866526,6.40894,-0.986781,-0.0278738,-0.159647,0.22556,0.101234,-0.875275,-0.472911,-3.77572,0,0,0,1
133187174916277998,-0.128391,-0.481716,0.866871,6.41034,-0.986821,-0.0247545,-0.159913,0.225742,0.0984915,-0.875978,-0.472189,-3.77673,0,0,0,1
133187174916608691,-0.129673,-0.480585,0.867308,6.41157,-0.986917,-0.0219628,-0.159726,0.225851,0.0958104,-0.876673,-0.471449,-3.77799,0,0,0,1
133187174916937603,-0.132161,-0.479842,0.867344,6.41258,-0.986737,-0.0195141,-0.161149,0.225741,0.0942515,-0.877138,-0.470899,-3.77932,0,0,0,1
133187174917271740,-0.136813,-0.478719,0.867243,6.41351,-0.986103,-0.0174772,-0.165211,0.225317,0.0942466,-0.877794,-0.469675,-3.78059,0,0,0,1
133187174917602352,-0.139647,-0.47662,0.867947,6.41438,-0.985727,-0.016325,-0.167562,0.224979,0.0940323,-0.878958,-0.467537,-3.78166,0,0,0,1
133187174917929859,-0.140517,-0.473471,0.869528,6.41525,-0.985671,-0.0158793,-0.167932,0.224799,0.0933187,-0.880666,-0.464455,-3.78246,0,0,0,1
133187174918284312,-0.141905,-0.469374,0.871522,6.4161,-0.985515,-0.0156026,-0.168869,0.22464,0.0928605,-0.882861,-0.460361,-3.7831,0,0,0,1
133187174918588987,-0.142225,-0.466163,0.873192,6.4167,-0.985498,-0.0157965,-0.16895,0.224662,0.0925518,-0.884558,-0.457156,-3.7836,0,0,0,1
133187174918923485,-0.141733,-0.463691,0.874587,6.4171,-0.985551,-0.0166702,-0.168553,0.224698,0.0927364,-0.88584,-0.454629,-3.78413,0,0,0,1
133187174919254045,-0.141325,-0.462329,0.875374,6.41722,-0.985564,-0.0175593,-0.168389,0.224741,0.093222,-0.886535,-0.453173,-3.78478,0,0,0,1
133187174920242187,-0.135558,-0.461717,0.876608,6.41657,-0.986121,-0.0227342,-0.164467,0.225274,0.095866,-0.886736,-0.452226,-3.78686,0,0,0,1
133187174920567292,-0.132669,-0.461368,0.877234,6.41636,-0.98635,-0.02564,-0.162656,0.225401,0.0975366,-0.886838,-0.451669,-3.78745,0,0,0,1
133187174920902121,-0.130824,-0.460801,0.877809,6.41621,-0.986417,-0.0282097,-0.161819,0.225426,0.0993287,-0.887055,-0.450851,-3.7879,0,0,0,1
133187174921252432,-0.129254,-0.460005,0.878458,6.41612,-0.986489,-0.0302835,-0.161007,0.225394,0.100667,-0.8874,-0.449876,-3.78814,0,0,0,1
133187174921579677,-0.127614,-0.459187,0.879126,6.41606,-0.986693,-0.0312642,-0.159559,0.225466,0.100753,-0.887789,-0.449087,-3.7882,0,0,0,1
133187174921887000,-0.126902,-0.458251,0.879717,6.41591,-0.986871,-0.0310061,-0.15851,0.225514,0.099914,-0.888282,-0.4483,-3.78819,0,0,0,1
133187174922546836,-0.126821,-0.455885,0.880957,6.41544,-0.986938,-0.0309608,-0.1581,0.225645,0.0993502,-0.8895,-0.446004,-3.78805,0,0,0,1
133187174922878805,-0.124855,-0.454857,0.881769,6.41512,-0.987216,-0.0317917,-0.156185,0.225872,0.0990749,-0.889997,-0.445072,-3.78799,0,0,0,1
133187174923213103,-0.123574,-0.454593,0.882086,6.41468,-0.987393,-0.0322788,-0.154962,0.226031,0.0989172,-0.890114,-0.444873,-3.78804,0,0,0,1
133187174923535384,-0.123762,-0.456443,0.881103,6.41407,-0.987315,-0.0323558,-0.155443,0.225986,0.0994598,-0.889164,-0.446649,-3.78805,0,0,0,1
133187174923868866,-0.125241,-0.460386,0.878839,6.41321,-0.987016,-0.0319703,-0.157405,0.225772,0.100564,-0.887143,-0.450404,-3.78816,0,0,0,1
133187174924208315,-0.126674,-0.465662,0.875849,6.41212,-0.986721,-0.0313374,-0.159371,0.225502,0.10166,-0.884408,-0.455509,-3.78829,0,0,0,1
133187174924529648,-0.127122,-0.470506,0.873192,6.41113,-0.986542,-0.031296,-0.160488,0.225326,0.102838,-0.881842,-0.460195,-3.78831,0,0,0,1
133187174925517581,-0.126462,-0.475423,0.870621,6.40924,-0.986692,-0.030148,-0.159784,0.225407,0.102212,-0.879241,-0.465284,-3.78726,0,0,0,1
133187174925845519,-0.125405,-0.475609,0.870672,6.40874,-0.98696,-0.0294626,-0.158248,0.225667,0.100917,-0.879163,-0.465712,-3.78688,0,0,0,1
133187174926174395,-0.123589,-0.475614,0.870928,6.40828,-0.987295,-0.0293944,-0.156155,0.226065,0.0998699,-0.879162,-0.465939,-3.78664,0,0,0,1
133187174927497383,-0.118467,-0.474398,0.872303,6.40721,-0.987652,-0.0344017,-0.152841,0.226286,0.102516,-0.879638,-0.464464,-3.7865,0,0,0,1
133187174928817854,-0.119219,-0.477215,0.870662,6.40633,-0.98713,-0.0371706,-0.15554,0.2257,0.106589,-0.878,-0.466642,-3.78639,0,0,0,1
133187174930139582,-0.121,-0.469546,0.874577,6.40696,-0.987333,-0.0341644,-0.154942,0.226059,0.102632,-0.882247,-0.459465,-3.78498,0,0,0,1
133187174930795699,-0.11907,-0.470038,0.874578,6.40676,-0.987569,-0.0349652,-0.153245,0.226281,0.102611,-0.881953,-0.460032,-3.7853,0,0,0,1
133187174931125479,-0.118521,-0.471768,0.873721,6.40653,-0.987592,-0.0352969,-0.153026,0.226327,0.103032,-0.881016,-0.46173,-3.78564,0,0,0,1
133187174931455319,-0.118281,-0.473505,0.872813,6.40632,-0.987546,-0.0357351,-0.153216,0.226281,0.103739,-0.880066,-0.463381,-3.78592,0,0,0,1
133187174931789366,-0.11826,-0.474473,0.87229,6.40619,-0.987502,-0.0359709,-0.153445,0.226213,0.104182,-0.879535,-0.464289,-3.78613,0,0,0,1
133187174932121866,-0.118611,-0.474705,0.872116,6.40619,-0.987425,-0.0360624,-0.153922,0.226169,0.104518,-0.879406,-0.464458,-3.7862,0,0,0,1
133187174932778130,-0.117439,-0.47383,0.87275,6.4061,-0.987708,-0.0355546,-0.152212,0.226558,0.103153,-0.879898,-0.46383,-3.78609,0,0,0,1
133187174933111271,-0.11407,-0.473402,0.87343,6.40583,-0.988297,-0.035552,-0.148341,0.22707,0.101277,-0.880129,-0.463806,-3.78594,0,0,0,1
133187174933771944,-0.101735,-0.472887,0.87523,6.40491,-0.990253,-0.0359899,-0.13455,0.228871,0.0951265,-0.880388,-0.464617,-3.78547,0,0,0,1
133187174934099544,-0.0949326,-0.472904,0.875985,6.40426,-0.991202,-0.0366273,-0.127192,0.229895,0.0922348,-0.880352,-0.465266,-3.78531,0,0,0,1
133187174934427541,-0.0901334,-0.472999,0.87644,6.40363,-0.991838,-0.0370545,-0.121999,0.23062,0.0901815,-0.880283,-0.465799,-3.78514,0,0,0,1
133187174934756851,-0.0874009,-0.473221,0.876597,6.403,-0.992171,-0.0374515,-0.119142,0.230993,0.0892105,-0.880147,-0.466243,-3.78507,0,0,0,1
133187174935089730,-0.0866799,-0.473543,0.876495,6.40255,-0.992221,-0.0378721,-0.118586,0.231113,0.0893503,-0.879956,-0.466577,-3.78504,0,0,0,1
133187174935415527,-0.0870464,-0.473811,0.876314,6.40216,-0.992117,-0.0383763,-0.119299,0.231052,0.0901545,-0.87979,-0.466735,-3.78514,0,0,0,1
133187174935746149,-0.0876582,-0.474203,0.876041,6.40178,-0.991958,-0.039042,-0.120391,0.230859,0.0912921,-0.879549,-0.466967,-3.78531,0,0,0,1
133187174936080399,-0.0874186,-0.47472,0.875785,6.40153,-0.991912,-0.0397328,-0.120547,0.230815,0.0920238,-0.879239,-0.467407,-3.78547,0,0,0,1
133187174936408018,-0.0869911,-0.47522,0.875556,6.40121,-0.991902,-0.0403175,-0.120433,0.230813,0.0925325,-0.878943,-0.467865,-3.78562,0,0,0,1
133187174938717788,-0.0891314,-0.474638,0.875657,6.40101,-0.991691,-0.0395868,-0.122399,0.230642,0.0927595,-0.879291,-0.467166,-3.78537,0,0,0,1
133187174939051774,-0.0898678,-0.474426,0.875697,6.40116,-0.991623,-0.0392871,-0.123049,0.230583,0.092781,-0.879419,-0.466921,-3.78528,0,0,0,1
133187174939377766,-0.0906038,-0.474292,0.875693,6.40129,-0.991559,-0.0389206,-0.123672,0.230492,0.0927395,-0.879507,-0.466762,-3.78516,0,0,0,1
133187174939705052,-0.0914431,-0.474232,0.875638,6.40133,-0.991497,-0.0383966,-0.124337,0.230376,0.092586,-0.879562,-0.466688,-3.78512,0,0,0,1
133187174940037782,-0.0922461,-0.474135,0.875606,6.40142,-0.991429,-0.0379691,-0.125008,0.230316,0.0925168,-0.879633,-0.466569,-3.7851,0,0,0,1
133187174940367559,-0.0926018,-0.474273,0.875495,6.40144,-0.99135,-0.0382147,-0.125557,0.230168,0.0930051,-0.879548,-0.466631,-3.78511,0,0,0,1
133187174940697130,-0.0927055,-0.474702,0.87525,6.40147,-0.991322,-0.0382782,-0.125761,0.23005,0.0932022,-0.879313,-0.467034,-3.78514,0,0,0,1
133187174941028023,-0.093407,-0.475192,0.87491,6.40147,-0.991268,-0.037761,-0.126339,0.230016,0.0930727,-0.879071,-0.467516,-3.78527,0,0,0,1
133187174941359835,-0.0937521,-0.475705,0.874594,6.40131,-0.991226,-0.0376127,-0.126712,0.229915,0.0931735,-0.8788,-0.468005,-3.78541,0,0,0,1
133187174941690772,-0.0938066,-0.476134,0.874355,6.40117,-0.991174,-0.0379666,-0.127015,0.229843,0.0936721,-0.878553,-0.46837,-3.78558,0,0,0,1
133187174942019884,-0.0935488,-0.476498,0.874185,6.40101,-0.991143,-0.0385523,-0.127078,0.229762,0.094254,-0.87833,-0.468671,-3.78578,0,0,0,1
133187174942347410,-0.0935282,-0.477231,0.873787,6.40087,-0.991049,-0.0393485,-0.12757,0.229688,0.0952626,-0.877897,-0.469279,-3.78599,0,0,0,1
133187174942677177,-0.0934999,-0.478379,0.873161,6.40063,-0.99097,-0.0399414,-0.127998,0.229571,0.0961069,-0.877244,-0.470325,-3.78622,0,0,0,1
133187174943152842,-0.0932729,-0.480331,0.872114,6.40013,-0.990886,-0.0407157,-0.128401,0.229497,0.0971834,-0.876142,-0.472155,-3.78658,0,0,0,1
133187174943444913,-0.0932944,-0.481258,0.8716,6.39994,-0.990853,-0.0408475,-0.128613,0.229471,0.0974985,-0.875627,-0.473046,-3.78676,0,0,0,1
133187174943721226,-0.0937734,-0.4817,0.871304,6.39981,-0.990776,-0.0408349,-0.129207,0.229394,0.0978188,-0.875384,-0.473428,-3.78693,0,0,0,1
133187174944029391,-0.0944881,-0.481928,0.871101,6.39978,-0.990668,-0.0408175,-0.130039,0.229273,0.0982256,-0.87526,-0.473574,-3.78696,0,0,0,1
133187174944355737,-0.095077,-0.481874,0.871067,6.39984,-0.990603,-0.0406206,-0.130596,0.22917,0.0983138,-0.875299,-0.473484,-3.78699,0,0,0,1
133187174944683470,-0.0955814,-0.481722,0.871096,6.39982,-0.990568,-0.0402808,-0.130966,0.229088,0.0981779,-0.875398,-0.473328,-3.78697,0,0,0,1
133187174945346504,-0.0965314,-0.481314,0.871217,6.39993,-0.990496,-0.0397055,-0.131683,0.229028,0.097973,-0.875649,-0.472907,-3.7869,0,0,0,1
133187174945673719,-0.0969098,-0.481144,0.871268,6.40003,-0.990452,-0.039615,-0.132043,0.228989,0.0980471,-0.875746,-0.472711,-3.78688,0,0,0,1
133187174946008522,-0.097109,-0.481049,0.871299,6.40013,-0.99041,-0.0397339,-0.132321,0.22897,0.0982731,-0.875793,-0.472578,-3.78686,0,0,0,1
133187174946333481,-0.0970415,-0.480921,0.871377,6.40021,-0.990407,-0.0398741,-0.132304,0.228935,0.0983731,-0.875857,-0.472438,-3.78679,0,0,0,1
133187174946663337,-0.0970631,-0.480678,0.871509,6.40038,-0.990386,-0.0400642,-0.1324,0.228892,0.0985581,-0.875982,-0.472168,-3.78673,0,0,0,1
133187174946995041,-0.0972378,-0.480335,0.871679,6.40063,-0.990356,-0.0401511,-0.132601,0.22887,0.0986919,-0.876166,-0.471798,-3.78664,0,0,0,1
133187174947345180,-0.0976489,-0.479816,0.871918,6.40095,-0.990323,-0.0399611,-0.1329,0.228858,0.0986106,-0.876458,-0.471271,-3.78652,0,0,0,1
133187174947667228,-0.0984731,-0.479239,0.872143,6.40125,-0.990232,-0.039747,-0.133647,0.229727,0.098714,-0.876784,-0.470644,-3.78652,0,0,0,1
133187174947991650,-0.0991561,-0.478674,0.872376,6.40165,-0.990179,-0.0393721,-0.134149,0.229701,0.0985608,-0.87711,-0.470069,-3.78635,0,0,0,1
133187174948314130,-0.0998496,-0.478035,0.872647,6.40197,-0.99013,-0.0389551,-0.134632,0.229541,0.0983527,-0.877477,-0.469427,-3.78619,0,0,0,1
133187174948647543,-0.100491,-0.477387,0.872928,6.40241,-0.990085,-0.0385714,-0.135072,0.229529,0.0981519,-0.877846,-0.468778,-3.78604,0,0,0,1
133187174948991040,-0.100967,-0.476849,0.873167,6.40272,-0.990063,-0.0381931,-0.135341,0.229501,0.0978862,-0.878155,-0.468254,-3.78595,0,0,0,1
133187174949333098,-0.10122,-0.476522,0.873316,6.40297,-0.990065,-0.0378731,-0.135417,0.229454,0.0976043,-0.878346,-0.467954,-3.78584,0,0,0,1
133187174949971037,-0.101477,-0.476342,0.873385,6.40337,-0.990058,-0.0376053,-0.135543,0.229454,0.0974084,-0.878456,-0.46779,-3.78582,0,0,0,1
133187174950294060,-0.101111,-0.476606,0.873283,6.40349,-0.990087,-0.0378158,-0.135273,0.229442,0.0974956,-0.878304,-0.468058,-3.78588,0,0,0,1
133187174950623820,-0.100538,-0.477277,0.872983,6.40347,-0.990126,-0.0381541,-0.134889,0.22943,0.0976871,-0.877924,-0.468729,-3.78599,0,0,0,1
133187174950955580,-0.100082,-0.478507,0.872362,6.40332,-0.990197,-0.037961,-0.134423,0.229486,0.0974379,-0.877263,-0.470016,-3.7863,0,0,0,1
133187174951333209,-0.0988414,-0.482579,0.870258,6.40281,-0.990396,-0.0372605,-0.133148,0.229586,0.0966807,-0.87506,-0.474261,-3.78672,0,0,0,1
133187174951615968,-0.097191,-0.488294,0.86725,6.40206,-0.990591,-0.0368946,-0.131787,0.229767,0.0963475,-0.871899,-0.480114,-3.7874,0,0,0,1
133187174951950207,-0.0930382,-0.498463,0.861904,6.40064,-0.991092,-0.036482,-0.128082,0.230256,0.0952879,-0.866143,-0.490629,-3.78854,0,0,0,1
133187174952271484,-0.086242,-0.513843,0.853538,6.39832,-0.991773,-0.0370662,-0.122524,0.230937,0.0945952,-0.857083,-0.506419,-3.79014,0,0,0,1
133187174952605774,-0.0782022,-0.533659,0.842077,6.39536,-0.992382,-0.0389887,-0.116869,0.231665,0.0951996,-0.844801,-0.526544,-3.79217,0,0,0,1
133187174952939095,-0.0703408,-0.553643,0.829778,6.39221,-0.992877,-0.0413334,-0.111745,0.232319,0.0961643,-0.831728,-0.546792,-3.7943,0,0,0,1
133187174953265556,-0.0632253,-0.57156,0.81812,6.38936,-0.993236,-0.043962,-0.107471,0.232793,0.0973927,-0.819381,-0.564914,-3.79612,0,0,0,1
133187174953618014,-0.0572999,-0.58727,0.80736,6.38677,-0.99343,-0.0467029,-0.104477,0.233086,0.0990625,-0.808042,-0.580735,-3.79778,0,0,0,1
133187174954917387,-0.0521433,-0.609033,0.791429,6.3837,-0.993042,-0.0521688,-0.105573,0.232533,0.105585,-0.791427,-0.602076,-3.80046,0,0,0,1
133187174955245821,-0.0536109,-0.609001,0.791356,6.3841,-0.992918,-0.05163,-0.106998,0.232286,0.10602,-0.791488,-0.60192,-3.80053,0,0,0,1
133187174955577476,-0.0557076,-0.608125,0.791885,6.38463,-0.992857,-0.0500689,-0.108296,0.232112,0.105506,-0.792261,-0.600992,-3.80053,0,0,0,1
133187174955902470,-0.0578488,-0.6066,0.7929,6.38527,-0.992812,-0.0483986,-0.109461,0.231958,0.104774,-0.793533,-0.59944,-3.80038,0,0,0,1
133187174956231958,-0.0593406,-0.60463,0.794293,6.38597,-0.992792,-0.0472584,-0.110144,0.231891,0.104133,-0.795103,-0.597468,-3.80026,0,0,0,1
133187174956565338,-0.0602492,-0.602683,0.795703,6.38663,-0.9928,-0.0465002,-0.110393,0.231886,0.103532,-0.796625,-0.595542,-3.80019,0,0,0,1
133187174956898510,-0.060939,-0.601276,0.796715,6.38724,-0.99278,-0.0461082,-0.110733,0.231832,0.103316,-0.79771,-0.594125,-3.80015,0,0,0,1
133187174957224701,-0.0615461,-0.600471,0.797275,6.38778,-0.992743,-0.0458548,-0.111171,0.231738,0.103314,-0.798331,-0.593291,-3.80015,0,0,0,1
133187174957553741,-0.0620612,-0.600175,0.797457,6.38831,-0.99271,-0.0455964,-0.111573,0.231714,0.103324,-0.798568,-0.59297,-3.80023,0,0,0,1
133187174957882247,-0.0630959,-0.600114,0.797423,6.3887,-0.99262,-0.0451794,-0.112541,0.233356,0.103564,-0.798638,-0.592834,-3.80094,0,0,0,1
133187174958211407,-0.0635767,-0.599791,0.797627,6.38932,-0.992563,-0.0451363,-0.113055,0.233275,0.103812,-0.798883,-0.59246,-3.80097,0,0,0,1
133187174958545079,-0.0643612,-0.598875,0.798252,6.39003,-0.992472,-0.045103,-0.113859,0.233125,0.104191,-0.799571,-0.591464,-3.80097,0,0,0,1
133187174959204772,-0.0665758,-0.595556,0.80055,6.39176,-0.99232,-0.0443087,-0.115487,0.232739,0.10425,-0.802091,-0.588032,-3.80067,0,0,0,1
133187174959543341,-0.068252,-0.592685,0.802538,6.39289,-0.992227,-0.0435731,-0.116563,0.232272,0.104054,-0.804255,-0.585104,-3.80021,0,0,0,1
133187174959864856,-0.0703665,-0.587237,0.80635,6.39442,-0.992086,-0.0430754,-0.117945,0.230799,0.103996,-0.808268,-0.579559,-3.79924,0,0,0,1
133187174960195447,-0.0745513,-0.576881,0.813419,6.39668,-0.991759,-0.0423383,-0.120923,0.230377,0.104197,-0.81573,-0.56897,-3.79823,0,0,0,1
133187174960524041,-0.0813882,-0.561993,0.823128,6.39971,-0.991155,-0.0412221,-0.126146,0.229705,0.104824,-0.826114,-0.553667,-3.79669,0,0,0,1
133187174960859848,-0.0918099,-0.542185,0.835229,6.40348,-0.990158,-0.0392742,-0.134334,0.228563,0.105637,-0.839341,-0.533243,-3.79464,0,0,0,1
133187174961189670,-0.106566,-0.518252,0.848563,6.40792,-0.988665,-0.0355494,-0.145871,0.227068,0.105764,-0.854489,-0.50859,-3.79215,0,0,0,1
133187174962171568,-0.154246,-0.443421,0.882941,6.42122,-0.982549,-0.025177,-0.184291,0.22196,0.103949,-0.89596,-0.431799,-3.7841,0,0,0,1
133187174962500602,-0.161839,-0.429269,0.888559,6.42399,-0.981776,-0.0208596,-0.188894,0.22136,0.0996214,-0.902936,-0.41807,-3.78235,0,0,0,1
133187174962835267,-0.168007,-0.422281,0.89076,6.42571,-0.981129,-0.0160991,-0.192684,0.221061,0.0957069,-0.906322,-0.411607,-3.78134,0,0,0,1
133187174963162806,-0.171196,-0.421741,0.890408,6.42643,-0.980793,-0.0127864,-0.194631,0.220969,0.0934689,-0.906626,-0.411452,-3.7811,0,0,0,1
133187174963492438,-0.171526,-0.424474,0.889045,6.42663,-0.980768,-0.0117303,-0.194823,0.221054,0.0931262,-0.905364,-0.414299,-3.78138,0,0,0,1
133187174963836575,-0.170359,-0.427645,0.887748,6.42668,-0.980941,-0.0118407,-0.193947,0.221203,0.0934519,-0.903869,-0.417477,-3.7818,0,0,0,1
133187174964153670,-0.168883,-0.429879,0.886951,6.42673,-0.981106,-0.0128562,-0.193042,0.221308,0.0943877,-0.902795,-0.419586,-3.78228,0,0,0,1
133187174964480757,-0.167532,-0.431274,0.88653,6.42694,-0.981235,-0.0141177,-0.192297,0.221342,0.0954487,-0.90211,-0.420816,-3.7826,0,0,0,1
133187174964814296,-0.167283,-0.431544,0.886446,6.42728,-0.981218,-0.0147254,-0.192337,0.221308,0.0960552,-0.901972,-0.420975,-3.78284,0,0,0,1
133187174965147310,-0.167506,-0.431091,0.886624,6.42773,-0.981173,-0.014798,-0.192564,0.221231,0.0961327,-0.902187,-0.420496,-3.78297,0,0,0,1
133187174965805946,-0.168164,-0.429883,0.887086,6.42859,-0.98111,-0.0143026,-0.192919,0.221236,0.0956204,-0.902771,-0.419358,-3.78324,0,0,0,1
133187174966135074,-0.167931,-0.429901,0.887121,6.42884,-0.981167,-0.0142441,-0.192636,0.221288,0.0954506,-0.902764,-0.419413,-3.78349,0,0,0,1
133187174966461616,-0.166934,-0.430415,0.887061,6.42896,-0.981327,-0.0146588,-0.191786,0.221402,0.0955506,-0.902512,-0.419931,-3.78384,0,0,0,1
133187174966791944,-0.165544,-0.431252,0.886914,6.42897,-0.98152,-0.0154898,-0.190734,0.221503,0.0959926,-0.902099,-0.420718,-3.78425,0,0,0,1
133187174967452452,-0.161805,-0.433975,0.886276,6.42873,-0.982004,-0.017833,-0.188014,0.221726,0.0973986,-0.900748,-0.42328,-3.78521,0,0,0,1
133187174967791071,-0.159036,-0.435732,0.885915,6.42849,-0.98242,-0.0190179,-0.185714,0.222001,0.0977699,-0.899875,-0.425047,-3.78565,0,0,0,1
133187174968119770,-0.154769,-0.437585,0.885757,6.42803,-0.983106,-0.0204675,-0.18189,0.222557,0.0977214,-0.898944,-0.427025,-3.786,0,0,0,1
133187174968443988,-0.143231,-0.439089,0.886953,6.42709,-0.98511,-0.0228629,-0.1704,0.224169,0.0950989,-0.898153,-0.429276,-3.78623,0,0,0,1
133187174968772989,-0.122807,-0.440553,0.889287,6.42547,-0.98838,-0.0265797,-0.149659,0.227021,0.0895697,-0.897333,-0.43217,-3.7863,0,0,0,1
133187174969107038,-0.0957462,-0.44247,0.891657,6.42312,-0.992028,-0.0313176,-0.122065,0.23075,0.0819346,-0.896236,-0.435944,-3.78619,0,0,0,1
133187174969457518,-0.0673356,-0.444977,0.893007,6.4201,-0.994978,-0.0364838,-0.093204,0.234641,0.0740538,-0.894799,-0.440286,-3.78594,0,0,0,1
133187174969762036,-0.0472987,-0.447548,0.893008,6.4174,-0.996507,-0.0404603,-0.073058,0.237444,0.0688284,-0.893344,-0.444071,-3.78568,0,0,0,1
133187174970425702,-0.0142053,-0.451615,0.8921,6.41238,-0.998105,-0.0470179,-0.0396954,0.241857,0.0598716,-0.890974,-0.450091,-3.78499,0,0,0,1
133187174972400788,0.0153164,-0.449488,0.893155,6.40666,-0.998664,-0.0509511,-0.00851631,0.245672,0.0493355,-0.891832,-0.449668,-3.78259,0,0,0,1
133187174972733153,0.0141087,-0.44979,0.893023,6.40658,-0.998677,-0.0505075,-0.00966123,0.245463,0.0494499,-0.891705,-0.449908,-3.78242,0,0,0,1
133187174973063502,0.012,-0.450348,0.892772,6.4066,-0.998683,-0.0499418,-0.011769,0.245166,0.0498868,-0.891455,-0.450354,-3.7823,0,0,0,1
133187174973394806,0.0104547,-0.450989,0.892468,6.40668,-0.998685,-0.0495133,-0.0133214,0.244929,0.0501969,-0.891155,-0.450914,-3.78224,0,0,0,1
133187174974713501,0.00458264,-0.450956,0.892534,6.40762,-0.998679,-0.047738,-0.0189925,0.244064,0.0511727,-0.891268,-0.450579,-3.7821,0,0,0,1
133187174975376698,-0.00124943,-0.45112,0.892462,6.40853,-0.998616,-0.0463575,-0.0248305,0.243229,0.0525738,-0.891259,-0.450438,-3.78232,0,0,0,1
133187174975703712,-0.00653601,-0.451717,0.892137,6.40923,-0.998525,-0.0451444,-0.0301735,0.242519,0.053905,-0.891018,-0.450755,-3.78248,0,0,0,1
133187174976035014,-0.0147064,-0.452615,0.891585,6.41009,-0.998293,-0.0437518,-0.0386774,0.241354,0.0565146,-0.890632,-0.451199,-3.78296,0,0,0,1
133187174976365781,-0.0278056,-0.45495,0.890083,6.41137,-0.997665,-0.0429456,-0.0531169,0.239335,0.0623906,-0.889481,-0.452693,-3.7837,0,0,0,1
133187174976693886,-0.0483491,-0.459645,0.886786,6.41299,-0.996156,-0.0427353,-0.0764631,0.236016,0.073043,-0.887074,-0.455812,-3.78505,0,0,0,1
133187174977023941,-0.0784849,-0.465949,0.881324,6.41514,-0.993003,-0.0417073,-0.11048,0.23121,0.0882355,-0.883828,-0.459416,-3.78683,0,0,0,1
133187174977355784,-0.116514,-0.471669,0.874044,6.41753,-0.987424,-0.0396698,-0.153035,0.225321,0.106855,-0.880883,-0.461115,-3.78872,0,0,0,1
133187174979998230,-0.159798,-0.467799,0.869269,6.42078,-0.979945,-0.0310211,-0.196838,0.218917,0.119046,-0.88329,-0.45346,-3.79035,0,0,0,1
133187174982631552,-0.153681,-0.466718,0.870951,6.41752,-0.981297,-0.0313189,-0.189935,0.219843,0.115923,-0.883851,-0.453176,-3.78911,0,0,0,1
133187174982981070,-0.152682,-0.466725,0.871124,6.41711,-0.981526,-0.0312265,-0.188763,0.220041,0.115302,-0.883851,-0.453335,-3.7888,0,0,0,1
133187174983333063,-0.151787,-0.466745,0.871269,6.41669,-0.981727,-0.0311643,-0.187725,0.220221,0.114772,-0.883843,-0.453486,-3.78842,0,0,0,1
133187174983624342,-0.150961,-0.466575,0.871504,6.41637,-0.98195,-0.0308506,-0.186609,0.220409,0.113954,-0.883944,-0.453496,-3.78808,0,0,0,1
133187174984943225,-0.145656,-0.463498,0.874045,6.41528,-0.983326,-0.0294011,-0.179458,0.221611,0.108876,-0.88561,-0.451487,-3.78615,0,0,0,1
133187174985603809,-0.143861,-0.462322,0.874964,6.41481,-0.983759,-0.0290937,-0.177121,0.221993,0.107343,-0.886235,-0.450627,-3.78549,0,0,0,1
133187174986263007,-0.143199,-0.462027,0.875228,6.41439,-0.983843,-0.0295647,-0.176577,0.222013,0.107459,-0.886373,-0.450328,-3.78509,0,0,0,1
133187174986591118,-0.142986,-0.462149,0.875199,6.41415,-0.98384,-0.0299186,-0.176533,0.222004,0.107769,-0.886298,-0.450403,-3.78501,0,0,0,1
133187174987254570,-0.142294,-0.462628,0.875059,6.41366,-0.983856,-0.0308348,-0.176287,0.221947,0.108537,-0.886016,-0.450772,-3.78485,0,0,0,1
133187174987584774,-0.141929,-0.462974,0.874935,6.41343,-0.983866,-0.0312836,-0.176153,0.22196,0.108925,-0.88582,-0.451064,-3.7848,0,0,0,1
133187174988248165,-0.141492,-0.463559,0.874696,6.41297,-0.983891,-0.0316684,-0.175939,0.22198,0.109258,-0.8855,-0.451611,-3.78463,0,0,0,1
133187174988576697,-0.141561,-0.463655,0.874634,6.41275,-0.983885,-0.0315889,-0.17599,0.221984,0.109228,-0.885452,-0.451712,-3.78447,0,0,0,1
133187174988905128,-0.141819,-0.463607,0.874618,6.41245,-0.983872,-0.0312887,-0.176119,0.221972,0.109015,-0.885489,-0.451692,-3.78429,0,0,0,1
133187174989252019,-0.142128,-0.46353,0.874608,6.41205,-0.983871,-0.0308039,-0.17621,0.222034,0.10862,-0.885545,-0.451675,-3.78411,0,0,0,1
133187174990248492,-0.135582,-0.46842,0.87304,6.40933,-0.984738,-0.0333393,-0.170817,0.222769,0.109121,-0.882876,-0.456751,-3.78399,0,0,0,1
133187174990552499,-0.135271,-0.471668,0.871338,6.40815,-0.984584,-0.0344337,-0.171491,0.222551,0.11089,-0.881103,-0.459739,-3.78375,0,0,0,1
133187174990896235,-0.143034,-0.472232,0.869792,6.40689,-0.983505,-0.0304962,-0.178292,0.221975,0.110721,-0.880946,-0.460081,-3.78271,0,0,0,1
133187174991545940,-0.155138,-0.461634,0.873399,6.40466,-0.983008,-0.0156751,-0.182892,0.222351,0.0981196,-0.886932,-0.451358,-3.77937,0,0,0,1
133187174991876376,-0.158155,-0.453223,0.877255,6.40347,-0.983166,-0.0100415,-0.182437,0.222764,0.0914936,-0.891341,-0.444005,-3.77769,0,0,0,1
133187174992209379,-0.160161,-0.444819,0.881183,6.40203,-0.983143,-0.00786984,-0.182666,0.222979,0.0881882,-0.895586,-0.436061,-3.77624,0,0,0,1
133187174992535043,-0.160813,-0.438132,0.884409,6.40036,-0.983033,-0.00900245,-0.183206,0.223057,0.0882303,-0.898866,-0.429251,-3.77526,0,0,0,1
133187174992862365,-0.159768,-0.433969,0.886648,6.39847,-0.983043,-0.0119476,-0.182986,0.223154,0.0900036,-0.900849,-0.424701,-3.77453,0,0,0,1
133187174993198222,-0.157167,-0.431957,0.888094,6.39651,-0.983266,-0.015437,-0.181518,0.22338,0.0921175,-0.901762,-0.422303,-3.77396,0,0,0,1
133187174993521680,-0.154352,-0.431824,0.888652,6.39468,-0.983588,-0.0178947,-0.179537,0.223757,0.0934309,-0.90178,-0.421975,-3.77339,0,0,0,1
133187174993872629,-0.151505,-0.432784,0.888675,6.39292,-0.984037,-0.0188845,-0.176959,0.224356,0.0933675,-0.9013,-0.423014,-3.77284,0,0,0,1
133187174994182614,-0.149864,-0.433354,0.888676,6.3917,-0.984415,-0.0182496,-0.174909,0.22505,0.0920157,-0.901039,-0.423866,-3.77237,0,0,0,1
133187174994514307,-0.148879,-0.433591,0.888726,6.39076,-0.984737,-0.0169296,-0.173222,0.225789,0.0901534,-0.900951,-0.424453,-3.77196,0,0,0,1
133187174994842532,-0.147418,-0.434001,0.888769,6.39005,-0.985062,-0.0164338,-0.171414,0.226516,0.089,-0.900762,-0.425096,-3.77189,0,0,0,1
133187174995172254,-0.145314,-0.434749,0.888751,6.38948,-0.985368,-0.0172799,-0.169563,0.22715,0.0890748,-0.900386,-0.425876,-3.77222,0,0,0,1
133187174995502788,-0.14245,-0.43659,0.888312,6.38899,-0.98553,-0.0207283,-0.168227,0.22758,0.0918593,-0.899422,-0.42732,-3.7729,0,0,0,1
133187174995830667,-0.139264,-0.439434,0.887414,6.38852,-0.985558,-0.0256734,-0.167379,0.227856,0.0963351,-0.897908,-0.429513,-3.77388,0,0,0,1
133187174996167657,-0.136691,-0.442111,0.886484,6.38818,-0.985388,-0.0311152,-0.16746,0.227971,0.101619,-0.89642,-0.431398,-3.77491,0,0,0,1
133187174996498726,-0.134229,-0.44475,0.885539,6.38792,-0.985202,-0.0362201,-0.167526,0.228009,0.106582,-0.894922,-0.433307,-3.77585,0,0,0,1
133187174996824642,-0.132032,-0.44764,0.884413,6.3877,-0.98504,-0.0404263,-0.167516,0.228056,0.11074,-0.8933,-0.435605,-3.7766,0,0,0,1
133187174997482595,-0.128518,-0.455366,0.88098,6.38709,-0.984979,-0.0446922,-0.16679,0.22838,0.115323,-0.889182,-0.442782,-3.77768,0,0,0,1
133187174997812127,-0.12671,-0.460256,0.878697,6.3868,-0.985024,-0.0460402,-0.166158,0.228568,0.116931,-0.886592,-0.447529,-3.77806,0,0,0,1
133187174998144028,-0.12501,-0.466236,0.875783,6.38651,-0.984959,-0.0478036,-0.166043,0.228614,0.119281,-0.883368,-0.453247,-3.77844,0,0,0,1
133187174998472429,-0.123908,-0.472517,0.872568,6.38629,-0.984682,-0.0501584,-0.166991,0.228432,0.122673,-0.879893,-0.459064,-3.77888,0,0,0,1
133187174998802920,-0.123655,-0.479163,0.868972,6.38613,-0.984055,-0.0536085,-0.169592,0.227903,0.127846,-0.876088,-0.464893,-3.77923,0,0,0,1
133187174999132022,-0.123696,-0.485329,0.865538,6.38613,-0.983484,-0.0561829,-0.172055,0.227366,0.132132,-0.872525,-0.470363,-3.77939,0,0,0,1
133187174999463420,-0.124062,-0.490444,0.862597,6.38633,-0.983159,-0.0568061,-0.1737,0.227019,0.134191,-0.869619,-0.475137,-3.77946,0,0,0,1
133187175000785272,-0.13083,-0.505589,0.852797,6.38876,-0.981922,-0.0526079,-0.181828,0.225707,0.136794,-0.861169,-0.489566,-3.78012,0,0,0,1
133187175001112161,-0.132559,-0.506759,0.851835,6.38963,-0.981609,-0.0519973,-0.183687,0.225291,0.137378,-0.860518,-0.490546,-3.7804,0,0,0,1
133187175001442493,-0.13408,-0.506436,0.851789,6.39057,-0.981311,-0.0518656,-0.185305,0.224869,0.138024,-0.860716,-0.490017,-3.78065,0,0,0,1
133187175001775043,-0.135075,-0.505572,0.852145,6.39129,-0.981067,-0.0522206,-0.186493,0.224542,0.138785,-0.861202,-0.488946,-3.78094,0,0,0,1
133187175002104800,-0.135621,-0.504555,0.852661,6.39173,-0.980894,-0.0527754,-0.187247,0.224353,0.139476,-0.861765,-0.487757,-3.78122,0,0,0,1
133187175002434464,-0.135847,-0.503215,0.853417,6.39192,-0.980804,-0.0533221,-0.187566,0.224288,0.139892,-0.862515,-0.486311,-3.7815,0,0,0,1
133187175002762312,-0.135465,-0.501785,0.854319,6.39178,-0.980829,-0.0539998,-0.187241,0.224283,0.140088,-0.863305,-0.48485,-3.78179,0,0,0,1
133187175004414629,-0.124634,-0.500119,0.856941,6.38941,-0.981725,-0.0630244,-0.179564,0.224775,0.143812,-0.86366,-0.483125,-3.78415,0,0,0,1
133187175005072269,-0.123257,-0.498647,0.857997,6.38884,-0.982041,-0.0631568,-0.177782,0.224948,0.142839,-0.864501,-0.481907,-3.78451,0,0,0,1
133187175005730416,-0.122577,-0.496916,0.859098,6.38863,-0.982276,-0.0629368,-0.176556,0.225074,0.141803,-0.865513,-0.480394,-3.78457,0,0,0,1
133187175006067701,-0.122706,-0.496443,0.859353,6.3886,-0.982316,-0.0626283,-0.176444,0.225119,0.141415,-0.865807,-0.479979,-3.7845,0,0,0,1
133187175006422500,-0.122785,-0.495982,0.859608,6.38864,-0.982444,-0.0618422,-0.176012,0.225202,0.140459,-0.866128,-0.479681,-3.78431,0,0,0,1
133187175006724043,-0.122843,-0.495614,0.859811,6.38868,-0.982556,-0.0611434,-0.175625,0.225267,0.139614,-0.866387,-0.479458,-3.78414,0,0,0,1
133187175007059110,-0.123116,-0.49542,0.859885,6.38876,-0.982613,-0.0604861,-0.175537,0.225347,0.138976,-0.866545,-0.47936,-3.78394,0,0,0,1
133187175007382404,-0.123191,-0.495332,0.859924,6.38874,-0.982699,-0.0598713,-0.175266,0.225363,0.1383,-0.866638,-0.479387,-3.78383,0,0,0,1
133187175007733750,-0.123117,-0.495299,0.859954,6.3888,-0.982798,-0.0593469,-0.174886,0.225418,0.137657,-0.866693,-0.479473,-3.78359,0,0,0,1
133187175008059790,-0.123352,-0.495076,0.860049,6.38884,-0.982849,-0.0587704,-0.174795,0.225426,0.137082,-0.86686,-0.479336,-3.78339,0,0,0,1
133187175008374023,-0.124017,-0.494606,0.860224,6.38893,-0.982805,-0.0582926,-0.175206,0.225386,0.136802,-0.86716,-0.478872,-3.78322,0,0,0,1
133187175008703207,-0.124784,-0.493972,0.860477,6.38909,-0.982691,-0.0581474,-0.175888,0.225319,0.136919,-0.867531,-0.478166,-3.783,0,0,0,1
133187175009033383,-0.125356,-0.493227,0.860821,6.38917,-0.982613,-0.0580517,-0.176354,0.22526,0.136955,-0.867962,-0.477374,-3.78296,0,0,0,1
133187175009363350,-0.124694,-0.492918,0.861094,6.38929,-0.982631,-0.0588626,-0.175989,0.225285,0.137435,-0.868082,-0.477017,-3.78297,0,0,0,1
133187175009694563,-0.123245,-0.493133,0.86118,6.38935,-0.982759,-0.05987,-0.174927,0.225363,0.137821,-0.867891,-0.477252,-3.78309,0,0,0,1
133187175010026624,-0.12275,-0.493333,0.861136,6.38951,-0.982832,-0.0600035,-0.174473,0.225472,0.137744,-0.867768,-0.477498,-3.78324,0,0,0,1
133187175010357245,-0.122858,-0.49363,0.86095,6.38971,-0.982755,-0.0602887,-0.174806,0.225399,0.138195,-0.86758,-0.477711,-3.78334,0,0,0,1
133187175010682101,-0.123109,-0.493875,0.860774,6.38995,-0.982677,-0.0604069,-0.175202,0.225321,0.138525,-0.867432,-0.477883,-3.78344,0,0,0,1
133187175011032710,-0.123524,-0.494017,0.860633,6.3903,-0.982697,-0.0597228,-0.175326,0.225314,0.138013,-0.867399,-0.478093,-3.78344,0,0,0,1
133187175011346034,-0.124596,-0.494335,0.860295,6.39063,-0.982604,-0.058867,-0.176136,0.225214,0.137713,-0.867276,-0.478401,-3.78343,0,0,0,1
133187175011696006,-0.12642,-0.494348,0.860022,6.39103,-0.98247,-0.0573463,-0.177383,0.225133,0.137008,-0.86737,-0.478432,-3.78344,0,0,0,1
133187175012010376,-0.127893,-0.494304,0.859829,6.39142,-0.982328,-0.0563241,-0.178494,0.225039,0.136659,-0.867462,-0.478365,-3.78343,0,0,0,1
133187175012337021,-0.128688,-0.494682,0.859494,6.39169,-0.982256,-0.0556502,-0.179098,0.224945,0.136428,-0.867291,-0.478743,-3.78357,0,0,0,1
133187175012673249,-0.129219,-0.495524,0.858929,6.39193,-0.982109,-0.0557003,-0.179885,0.224778,0.13698,-0.866807,-0.479461,-3.78382,0,0,0,1
133187175012995190,-0.129599,-0.496783,0.858143,6.39215,-0.981889,-0.0563205,-0.180892,0.224568,0.138196,-0.866045,-0.480487,-3.7841,0,0,0,1
133187175013384279,-0.129952,-0.498117,0.857317,6.39248,-0.981786,-0.0562199,-0.181483,0.224451,0.138598,-0.865286,-0.481738,-3.78428,0,0,0,1
133187175013655444,-0.130034,-0.498972,0.856807,6.39272,-0.981798,-0.055851,-0.181528,0.224396,0.138431,-0.864817,-0.482628,-3.78432,0,0,0,1
133187175014315860,-0.131808,-0.499459,0.856252,6.39347,-0.981768,-0.0535727,-0.182379,0.224329,0.136963,-0.864679,-0.483291,-3.78394,0,0,0,1
133187175014643143,-0.132963,-0.498435,0.85667,6.39397,-0.981731,-0.0524628,-0.182898,0.224217,0.136106,-0.865338,-0.482353,-3.78336,0,0,0,1
133187175014974565,-0.134788,-0.496339,0.857602,6.39447,-0.981709,-0.0505599,-0.183555,0.224245,0.134465,-0.866656,-0.480446,-3.78267,0,0,0,1
133187175015364250,-0.136595,-0.492944,0.859272,6.39495,-0.981807,-0.0481229,-0.183681,0.224322,0.131895,-0.868729,-0.477403,-3.78164,0,0,0,1
133187175015632115,-0.136721,-0.490848,0.86045,6.39506,-0.982088,-0.0465257,-0.18259,0.224529,0.129657,-0.870002,-0.475695,-3.78104,0,0,0,1
133187175016297309,-0.136743,-0.487268,0.86248,6.39489,-0.982744,-0.0427499,-0.179962,0.225138,0.124561,-0.872206,-0.473014,-3.77983,0,0,0,1
133187175016622936,-0.13683,-0.485869,0.863255,6.3944,-0.982995,-0.0411382,-0.178963,0.225392,0.122466,-0.873063,-0.471978,-3.7794,0,0,0,1
133187175016953381,-0.136109,-0.484337,0.864229,6.39372,-0.983242,-0.0407511,-0.177691,0.22555,0.121281,-0.873932,-0.470674,-3.77899,0,0,0,1
133187175017345141,-0.134662,-0.482612,0.86542,6.3927,-0.98345,-0.0417404,-0.176305,0.225589,0.12121,-0.874839,-0.469003,-3.77854,0,0,0,1
133187175018272661,-0.135476,-0.480244,0.866609,6.38951,-0.98281,-0.0455836,-0.178903,0.224717,0.12542,-0.87595,-0.465814,-3.77775,0,0,0,1
133187175018934319,-0.146711,-0.477513,0.866289,6.38693,-0.980925,-0.0426704,-0.189646,0.223125,0.127524,-0.877588,-0.462145,-3.77721,0,0,0,1
133187175019285957,-0.150964,-0.47679,0.865957,6.38512,-0.980176,-0.0415126,-0.193733,0.222385,0.128318,-0.878036,-0.461071,-3.77744,0,0,0,1
133187175019922403,-0.152504,-0.478618,0.864677,6.3814,-0.978642,-0.0488981,-0.19967,0.220892,0.137847,-0.87666,-0.460939,-3.77873,0,0,0,1
133187175020254276,-0.150509,-0.481588,0.863377,6.37984,-0.978269,-0.0534267,-0.200339,0.220597,0.142608,-0.874768,-0.463081,-3.77946,0,0,0,1
133187175020919679,-0.142735,-0.492417,0.858576,6.37855,-0.978935,-0.0577158,-0.195846,0.221052,0.145992,-0.868443,-0.473806,-3.7805,0,0,0,1
133187175021248941,-0.141191,-0.497383,0.855964,6.37911,-0.979581,-0.0548139,-0.193433,0.221653,0.143129,-0.865798,-0.479487,-3.78071,0,0,0,1
133187175021570655,-0.138428,-0.50141,0.854064,6.38026,-0.980531,-0.0518858,-0.189388,0.222471,0.139275,-0.863652,-0.484466,-3.7809,0,0,0,1
133187175021905766,-0.13236,-0.50511,0.852845,6.38198,-0.98177,-0.0516095,-0.182935,0.223268,0.136417,-0.86151,-0.489071,-3.78106,0,0,0,1
133187175022234584,-0.129414,-0.507374,0.851953,6.3841,-0.982432,-0.0508968,-0.179545,0.22377,0.134458,-0.860222,-0.491874,-3.781,0,0,0,1
133187175022895542,-0.134304,-0.505136,0.852526,6.38888,-0.982322,-0.0453533,-0.181624,0.224004,0.13041,-0.861847,-0.490115,-3.78004,0,0,0,1
133187175023240691,-0.136918,-0.502207,0.853839,6.39128,-0.982427,-0.0415348,-0.181968,0.224322,0.12685,-0.863749,-0.487695,-3.7795,0,0,0,1
133187175023565952,-0.136657,-0.500451,0.854911,6.39309,-0.982837,-0.0394634,-0.180207,0.224668,0.123922,-0.864865,-0.486469,-3.77931,0,0,0,1
133187175023880801,-0.134808,-0.5,0.855469,6.39438,-0.983219,-0.0395908,-0.17808,0.224908,0.122909,-0.86512,-0.486272,-3.77941,0,0,0,1
133187175024541802,-0.129397,-0.500384,0.85608,6.39628,-0.983947,-0.0422128,-0.173398,0.225254,0.122903,-0.864774,-0.486889,-3.77959,0,0,0,1
133187175024872844,-0.127683,-0.499174,0.857043,6.39711,-0.984288,-0.0424787,-0.171381,0.225442,0.121955,-0.86546,-0.485907,-3.77933,0,0,0,1
133187175025204151,-0.126835,-0.496108,0.858947,6.39793,-0.984651,-0.0416961,-0.169479,0.225554,0.119895,-0.867259,-0.483205,-3.77869,0,0,0,1
133187175028541152,-0.136041,-0.467229,0.873608,6.39968,-0.984444,-0.035216,-0.172135,0.224288,0.111191,-0.883435,-0.455169,-3.77256,0,0,0,1
133187175028835069,-0.13733,-0.466332,0.873885,6.39948,-0.984274,-0.034713,-0.173202,0.224102,0.111105,-0.883928,-0.454232,-3.77206,0,0,0,1
133187175029164159,-0.138569,-0.465795,0.873976,6.39919,-0.984156,-0.0338023,-0.174053,0.223937,0.110615,-0.884247,-0.453731,-3.77143,0,0,0,1
133187175029492215,-0.139156,-0.466149,0.873694,6.39884,-0.984117,-0.0331049,-0.174406,0.223917,0.110223,-0.884086,-0.454139,-3.77096,0,0,0,1
133187175029823234,-0.138808,-0.467479,0.873038,6.39835,-0.984212,-0.0326351,-0.173959,0.223947,0.109814,-0.883402,-0.455568,-3.77051,0,0,0,1
