133198517626401553,-0.0970719,-0.635884,0.765656,1.39245,-0.984298,-0.0526147,-0.168489,0.128828,0.147424,-0.769989,-0.620793,-0.0517841,0,0,0,1
133198517632076358,-0.0870332,-0.638721,0.7645,1.38711,-0.985566,-0.0566519,-0.159531,0.13009,0.145206,-0.76735,-0.624572,-0.0507245,0,0,0,1
133198517632407449,-0.086378,-0.639838,0.76364,1.38675,-0.985607,-0.0569257,-0.159182,0.130126,0.145321,-0.766399,-0.625711,-0.0507997,0,0,0,1
133198517635373363,-0.0874196,-0.638281,0.764824,1.38697,-0.985599,-0.0561413,-0.159507,0.13023,0.144749,-0.767754,-0.624181,-0.0506501,0,0,0,1
133198517635705013,-0.0871559,-0.638311,0.764829,1.38698,-0.985648,-0.0561706,-0.159198,0.130274,0.144579,-0.767727,-0.624254,-0.0506704,0,0,0,1
133198517636033094,-0.0866778,-0.638357,0.764845,1.387,-0.985708,-0.0563669,-0.158753,0.1303,0.144453,-0.767674,-0.624348,-0.0507119,0,0,0,1
133198517641311201,-0.0892758,-0.636233,0.766314,1.39071,-0.985939,-0.0526659,-0.158588,0.130331,0.141258,-0.769697,-0.622585,-0.0504541,0,0,0,1
133198517641641061,-0.0893587,-0.636259,0.766283,1.39093,-0.985998,-0.0522449,-0.15836,0.130375,0.140792,-0.769705,-0.622681,-0.0504143,0,0,0,1
133198517643953008,-0.0898864,-0.637715,0.765009,1.39208,-0.98574,-0.0527488,-0.159793,0.130221,0.142256,-0.768464,-0.62388,-0.0512638,0,0,0,1
133198517644284142,-0.0900959,-0.637741,0.764964,1.39222,-0.985679,-0.0528395,-0.160143,0.130146,0.14255,-0.768436,-0.623847,-0.0513896,0,0,0,1
133198517644611247,-0.090483,-0.637314,0.765273,1.39241,-0.985592,-0.0529553,-0.160634,0.130108,0.142899,-0.768782,-0.623341,-0.051479,0,0,0,1
133198517644942217,-0.0902891,-0.636879,0.765658,1.39255,-0.985596,-0.053247,-0.160516,0.130058,0.142998,-0.769123,-0.622898,-0.0515975,0,0,0,1
133198517647586065,-0.0890248,-0.63718,0.765556,1.39324,-0.985589,-0.0546417,-0.16009,0.130082,0.143838,-0.768776,-0.623133,-0.0529068,0,0,0,1
133198517647913020,-0.0892882,-0.637187,0.76552,1.39345,-0.985612,-0.054224,-0.160093,0.130098,0.143518,-0.768799,-0.623178,-0.0529834,0,0,0,1
133198517648244653,-0.0897021,-0.636687,0.765887,1.39375,-0.985681,-0.0534923,-0.159913,0.130186,0.142784,-0.769265,-0.622772,-0.0530449,0,0,0,1
133198517648618687,-0.0899377,-0.636007,0.766425,1.39408,-0.985704,-0.0532441,-0.159853,0.130173,0.142475,-0.769844,-0.622126,-0.0531255,0,0,0,1
133198517648901596,-0.0901548,-0.635683,0.766667,1.39361,-0.985666,-0.0532695,-0.160076,0.130687,0.142598,-0.77011,-0.621769,-0.0555076,0,0,0,1
133198517649266318,-0.0904734,-0.635947,0.766411,1.39382,-0.985599,-0.0532166,-0.160506,0.130616,0.142859,-0.769896,-0.621974,-0.0556802,0,0,0,1
133198517649567034,-0.0908372,-0.636355,0.766029,1.39402,-0.985548,-0.0529944,-0.160891,0.130506,0.142979,-0.769574,-0.622345,-0.0556675,0,0,0,1
133198517649891694,-0.0910547,-0.636518,0.765868,1.39417,-0.985504,-0.05295,-0.161174,0.130376,0.143143,-0.769442,-0.62247,-0.0556312,0,0,0,1
133198517650554051,-0.0907425,-0.635706,0.766579,1.3948,-0.985532,-0.0533229,-0.16088,0.130114,0.143149,-0.770087,-0.621671,-0.0547426,0,0,0,1
133198517650880945,-0.0906684,-0.635397,0.766844,1.39521,-0.985528,-0.0534948,-0.16085,0.129878,0.143226,-0.770331,-0.621351,-0.053795,0,0,0,1
133198517651214479,-0.0904533,-0.635379,0.766885,1.39526,-0.985558,-0.0535812,-0.160639,0.129914,0.143157,-0.77034,-0.621356,-0.0538412,0,0,0,1
133198517651543653,-0.0901641,-0.635533,0.766791,1.39526,-0.985575,-0.0537801,-0.160464,0.129964,0.143218,-0.770198,-0.621517,-0.0539324,0,0,0,1
133198517651872744,-0.0895643,-0.635715,0.766711,1.39526,-0.985629,-0.0541291,-0.160018,0.130059,0.143227,-0.770024,-0.621731,-0.0540562,0,0,0,1
133198517652204687,-0.0888772,-0.636046,0.766516,1.39523,-0.985661,-0.054657,-0.15964,0.130064,0.143434,-0.769714,-0.622068,-0.0541754,0,0,0,1
133198517652534607,-0.0883313,-0.636622,0.766101,1.39522,-0.985672,-0.0550888,-0.159426,0.130041,0.143698,-0.769206,-0.622634,-0.0542894,0,0,0,1
133198517652861412,-0.088461,-0.637097,0.765691,1.39525,-0.985623,-0.0551039,-0.15972,0.130009,0.14395,-0.768811,-0.623063,-0.0543922,0,0,0,1
133198517653193348,-0.088739,-0.6373,0.765489,1.39533,-0.985552,-0.0551306,-0.160148,0.129929,0.144265,-0.768641,-0.6232,-0.0544117,0,0,0,1
133198517653522930,-0.0886285,-0.63728,0.765519,1.39537,-0.985504,-0.0555154,-0.160313,0.129854,0.144663,-0.76863,-0.623121,-0.0544349,0,0,0,1
133198517653851785,-0.0889306,-0.636896,0.765804,1.39542,-0.985415,-0.0557306,-0.160783,0.129809,0.145081,-0.768933,-0.62265,-0.0543662,0,0,0,1
133198517654187990,-0.0889763,-0.636247,0.766337,1.39539,-0.98533,-0.0562662,-0.161117,0.129776,0.145629,-0.769431,-0.621907,-0.0542584,0,0,0,1
133198517654519116,-0.0879142,-0.635493,0.767085,1.39529,-0.985449,-0.0569727,-0.16014,0.129814,0.145471,-0.770002,-0.621237,-0.0540464,0,0,0,1
133198517654842955,-0.087885,-0.634538,0.767878,1.39516,-0.985597,-0.056414,-0.159421,0.13002,0.144478,-0.77083,-0.620441,-0.0538629,0,0,0,1
133198517655173137,-0.0878232,-0.633282,0.768922,1.39491,-0.985749,-0.0559291,-0.158651,0.13022,0.143476,-0.771897,-0.619346,-0.0536575,0,0,0,1
133198517655507348,-0.0863975,-0.632237,0.769943,1.39451,-0.985823,-0.0573252,-0.157694,0.130284,0.143837,-0.772651,-0.618321,-0.0535184,0,0,0,1
133198517655837565,-0.0856713,-0.631333,0.770765,1.39406,-0.986041,-0.0571313,-0.156395,0.130516,0.142772,-0.773405,-0.617626,-0.0534153,0,0,0,1
133198517656247177,-0.0836765,-0.631928,0.770497,1.39333,-0.986618,-0.0560462,-0.153114,0.131105,0.13994,-0.772998,-0.618782,-0.0534257,0,0,0,1
133198517656820699,-0.0808275,-0.634786,0.768449,1.39233,-0.987365,-0.0544326,-0.148819,0.131787,0.136297,-0.770768,-0.622366,-0.0537609,0,0,0,1
133198517657184970,-0.0804518,-0.635972,0.767507,1.39203,-0.987561,-0.0535043,-0.147853,0.131894,0.135095,-0.769855,-0.623757,-0.0539019,0,0,0,1
133198517657486788,-0.0818536,-0.635575,0.767687,1.39212,-0.987605,-0.051783,-0.148174,0.131831,0.133929,-0.7703,-0.623459,-0.0539438,0,0,0,1
133198517657819465,-0.0833619,-0.634457,0.76845,1.39252,-0.987636,-0.0501335,-0.148531,0.131879,0.132761,-0.771331,-0.622434,-0.0540105,0,0,0,1
133198517658144798,-0.0802712,-0.63485,0.768455,1.39283,-0.98815,-0.0505052,-0.144944,0.132163,0.130829,-0.770983,-0.623273,-0.0541773,0,0,0,1
133198517658474890,-0.0793631,-0.635944,0.767644,1.3933,-0.988437,-0.0496086,-0.143288,0.132396,0.129205,-0.770139,-0.624653,-0.054402,0,0,0,1
133198517658805829,-0.0782937,-0.637407,0.766539,1.39403,-0.988512,-0.0500734,-0.142604,0.132556,0.12928,-0.768898,-0.626164,-0.0546353,0,0,0,1
133198517659130118,-0.0758189,-0.638856,0.765582,1.39505,-0.988893,-0.0502621,-0.139876,0.132928,0.127841,-0.767683,-0.627949,-0.0548003,0,0,0,1
133198517659463359,-0.0751541,-0.638995,0.76553,1.39653,-0.989163,-0.0493283,-0.138284,0.133297,0.126125,-0.767627,-0.628363,-0.0548523,0,0,0,1
133198517659792928,-0.0741773,-0.639502,0.765202,1.3982,-0.989673,-0.0471735,-0.135361,0.133862,0.122661,-0.767341,-0.629399,-0.054875,0,0,0,1
133198517660121192,-0.0731359,-0.640205,0.764715,1.39999,-0.990389,-0.0436327,-0.131247,0.134555,0.117392,-0.766964,-0.630861,-0.0548785,0,0,0,1
133198517660458315,-0.0730704,-0.640387,0.764569,1.4019,-0.990978,-0.0397428,-0.127996,0.135097,0.112353,-0.767023,-0.631706,-0.0548195,0,0,0,1
133198517660807810,-0.0741781,-0.639791,0.76496,1.40375,-0.991057,-0.0380251,-0.127906,0.135154,0.110921,-0.767607,-0.631249,-0.0547143,0,0,0,1
133198517661121171,-0.0750527,-0.638865,0.765649,1.4051,-0.99086,-0.0385261,-0.129275,0.134935,0.112087,-0.768353,-0.630135,-0.0545339,0,0,0,1
133198517661774954,-0.0736976,-0.638202,0.766334,1.40687,-0.991013,-0.0391505,-0.127909,0.134816,0.111634,-0.768873,-0.629581,-0.053755,0,0,0,1
133198517662152642,-0.0735381,-0.63929,0.765442,1.40728,-0.991118,-0.0384276,-0.127314,0.134714,0.110804,-0.768005,-0.630785,-0.0531102,0,0,0,1
133198517662432408,-0.0740104,-0.639298,0.765389,1.40752,-0.991123,-0.0378457,-0.127449,0.134569,0.110445,-0.768027,-0.630821,-0.0525669,0,0,0,1
133198517662773713,-0.0750417,-0.637841,0.766503,1.40783,-0.991046,-0.0374283,-0.12817,0.134287,0.110441,-0.769258,-0.629321,-0.051925,0,0,0,1
133198517663096388,-0.0768528,-0.635306,0.768427,1.40811,-0.990807,-0.0373931,-0.130009,0.133938,0.111329,-0.771355,-0.626592,-0.0513799,0,0,0,1
133198517663419476,-0.0785841,-0.632284,0.770741,1.40825,-0.99066,-0.0368934,-0.131272,0.133715,0.111436,-0.773858,-0.623479,-0.0510116,0,0,0,1
133198517663753571,-0.0805064,-0.629431,0.772875,1.4081,-0.990469,-0.0364221,-0.132834,0.133481,0.11176,-0.776203,-0.620499,-0.0508295,0,0,0,1
133198517664089024,-0.0822344,-0.627092,0.774592,1.40764,-0.990161,-0.0368891,-0.134985,0.133094,0.113222,-0.778071,-0.617889,-0.0508713,0,0,0,1
133198517664416083,-0.0842028,-0.625183,0.775923,1.40691,-0.989735,-0.0377655,-0.137835,0.132677,0.115475,-0.779564,-0.615585,-0.0510493,0,0,0,1
133198517664745549,-0.0860674,-0.623263,0.777262,1.40603,-0.989348,-0.0384641,-0.140395,0.132465,0.117399,-0.781066,-0.613314,-0.0512947,0,0,0,1
133198517665077724,-0.0853837,-0.620898,0.779227,1.40515,-0.989405,-0.0393318,-0.139754,0.132709,0.117422,-0.782903,-0.610961,-0.0516149,0,0,0,1
133198517665400560,-0.0835972,-0.618273,0.781505,1.40437,-0.989571,-0.0408159,-0.138145,0.13303,0.117309,-0.784903,-0.608413,-0.0520388,0,0,0,1
133198517666398546,-0.079443,-0.611488,0.787256,1.40152,-0.989429,-0.0477484,-0.136932,0.133089,0.121323,-0.789812,-0.60123,-0.0537773,0,0,0,1
133198517666725653,-0.0773739,-0.609227,0.789212,1.40168,-0.989301,-0.0512804,-0.136576,0.133069,0.123677,-0.791336,-0.598742,-0.054406,0,0,0,1
133198517667052715,-0.0758995,-0.606824,0.791204,1.40322,-0.989121,-0.0544553,-0.136651,0.133403,0.126008,-0.792969,-0.596089,-0.0550308,0,0,0,1
133198517667382680,-0.0744305,-0.604762,0.79292,1.40387,-0.988982,-0.0572668,-0.136512,0.133315,0.127965,-0.794344,-0.593837,-0.0555383,0,0,0,1
133198517667717719,-0.0741684,-0.603673,0.793775,1.40461,-0.988886,-0.0583251,-0.136756,0.13316,0.128853,-0.795096,-0.592638,-0.0560551,0,0,0,1
133198517668044014,-0.0754832,-0.604345,0.793139,1.40527,-0.988819,-0.0572186,-0.137705,0.132985,0.128604,-0.794665,-0.593269,-0.0565739,0,0,0,1
133198517669033272,-0.0804862,-0.607306,0.79038,1.40692,-0.988515,-0.0531213,-0.141479,0.13237,0.127907,-0.79269,-0.596056,-0.0580409,0,0,0,1
133198517669361159,-0.0812279,-0.60718,0.790402,1.40734,-0.988469,-0.0526078,-0.141995,0.132303,0.127798,-0.792821,-0.595905,-0.0584402,0,0,0,1
133198517669692417,-0.0811837,-0.607141,0.790436,1.40768,-0.988509,-0.0524079,-0.141783,0.132341,0.127507,-0.792864,-0.59591,-0.0587973,0,0,0,1
133198517670023370,-0.0804789,-0.607004,0.790613,1.40795,-0.988608,-0.0526035,-0.141021,0.132429,0.127189,-0.792956,-0.595855,-0.0590793,0,0,0,1
133198517670351168,-0.0796314,-0.606717,0.790919,1.40816,-0.988691,-0.0530789,-0.14026,0.132597,0.127079,-0.793144,-0.595629,-0.0593196,0,0,0,1
133198517670704295,-0.0779874,-0.606479,0.791266,1.40842,-0.988895,-0.0536538,-0.13859,0.132833,0.126506,-0.793288,-0.59556,-0.0594895,0,0,0,1
133198517671020628,-0.0764917,-0.606518,0.791382,1.40863,-0.989127,-0.0538261,-0.136857,0.133064,0.125603,-0.793246,-0.595807,-0.0596288,0,0,0,1
133198517671344183,-0.0755514,-0.606663,0.791361,1.40893,-0.989327,-0.0535619,-0.135512,0.133311,0.124596,-0.793153,-0.596142,-0.059785,0,0,0,1
133198517673328474,-0.0743235,-0.604395,0.79321,1.41072,-0.989395,-0.0548472,-0.134498,0.133623,0.124795,-0.794794,-0.593909,-0.0603644,0,0,0,1
133198517674640488,-0.0747657,-0.598029,0.79798,1.41229,-0.989856,-0.0524399,-0.132043,0.134143,0.120812,-0.799757,-0.588042,-0.0594644,0,0,0,1
133198517674970846,-0.0744193,-0.597193,0.798638,1.4125,-0.989898,-0.052675,-0.13163,0.134188,0.120677,-0.800366,-0.58724,-0.0595057,0,0,0,1
