133198517626414228,-0.0970557,-0.635882,0.765659,1.39244,-0.984297,-0.0526422,-0.16849,0.128825,0.147445,-0.769989,-0.620788,-0.0517815,0,0,0,1
133198517632415611,-0.0863671,-0.639855,0.763627,1.38675,-0.985607,-0.0569314,-0.159177,0.130124,0.145324,-0.766384,-0.625729,-0.0507961,0,0,0,1
133198517635383756,-0.0874145,-0.638281,0.764824,1.38698,-0.9856,-0.0561432,-0.159502,0.13023,0.144747,-0.767753,-0.624182,-0.0506471,0,0,0,1
133198517635724530,-0.0871483,-0.638313,0.764828,1.38699,-0.985649,-0.0561724,-0.15919,0.130292,0.144575,-0.767725,-0.624257,-0.050672,0,0,0,1
133198517636059394,-0.0866504,-0.63836,0.764845,1.38702,-0.985712,-0.0563743,-0.158724,0.130308,0.144441,-0.767671,-0.624355,-0.0507227,0,0,0,1
133198517644953643,-0.0902841,-0.636872,0.765665,1.39257,-0.985595,-0.0532591,-0.160517,0.130074,0.143008,-0.769128,-0.62289,-0.0516044,0,0,0,1
133198517651223779,-0.0904622,-0.635381,0.766881,1.39527,-0.985557,-0.0535755,-0.160646,0.129934,0.143158,-0.770338,-0.621358,-0.0538492,0,0,0,1
133198517655849199,-0.0856609,-0.631315,0.770781,1.39405,-0.986051,-0.0570924,-0.156347,0.130548,0.14271,-0.773422,-0.617618,-0.0534157,0,0,0,1
133198517660474444,-0.0730925,-0.640375,0.764577,1.40199,-0.990996,-0.0395949,-0.127901,0.135113,0.112178,-0.767041,-0.631715,-0.0548143,0,0,0,1
133198517660821293,-0.0742337,-0.639756,0.764984,1.40382,-0.99105,-0.0380173,-0.127965,0.135147,0.110949,-0.767637,-0.631208,-0.0547085,0,0,0,1
133198517661127477,-0.0750579,-0.638846,0.765665,1.40512,-0.990857,-0.0385448,-0.129294,0.134931,0.112111,-0.768369,-0.630112,-0.054529,0,0,0,1
133198517661458752,-0.0747015,-0.638085,0.766334,1.4062,-0.990834,-0.0392396,-0.129258,0.134807,0.112549,-0.768965,-0.629305,-0.0541848,0,0,0,1
133198517661784092,-0.0736721,-0.638223,0.766318,1.40689,-0.991018,-0.0391418,-0.127873,0.134816,0.111607,-0.768856,-0.629607,-0.0537409,0,0,0,1
133198517662150216,-0.0735362,-0.639285,0.765446,1.40728,-0.991118,-0.0384333,-0.127314,0.134716,0.110809,-0.768009,-0.630781,-0.0531155,0,0,0,1
133198517662443635,-0.0740372,-0.639272,0.765408,1.40753,-0.991122,-0.0378244,-0.127462,0.134563,0.110434,-0.76805,-0.630796,-0.0525449,0,0,0,1
133198517662778792,-0.0750698,-0.637808,0.766528,1.40783,-0.991042,-0.0374243,-0.128197,0.134281,0.110452,-0.769286,-0.629285,-0.0519162,0,0,0,1
133198517663124474,-0.076973,-0.635048,0.768628,1.40812,-0.990795,-0.037383,-0.130108,0.133915,0.111358,-0.771568,-0.626325,-0.0513383,0,0,0,1
133198517663434632,-0.0786883,-0.632146,0.770844,1.40824,-0.990651,-0.036857,-0.131352,0.133705,0.111444,-0.773972,-0.623335,-0.0509976,0,0,0,1
133198517663765463,-0.0805532,-0.629339,0.772944,1.40808,-0.990463,-0.0364254,-0.13288,0.133472,0.111781,-0.776276,-0.620403,-0.0508261,0,0,0,1
133198517664188443,-0.0827875,-0.626492,0.775019,1.40744,-0.990039,-0.0371637,-0.135797,0.13297,0.113878,-0.778542,-0.617175,-0.0509141,0,0,0,1
133198517664425114,-0.0842699,-0.625132,0.775957,1.40689,-0.989722,-0.0377858,-0.137926,0.132667,0.115542,-0.779604,-0.615522,-0.0510558,0,0,0,1
133198517665083818,-0.0853479,-0.620848,0.779271,1.40514,-0.989409,-0.0393527,-0.139716,0.132716,0.117409,-0.782942,-0.610914,-0.0516215,0,0,0,1
133198517665414666,-0.0835118,-0.618281,0.781508,1.40309,-0.989575,-0.0408868,-0.138093,0.132631,0.117333,-0.784893,-0.608421,-0.0520241,0,0,0,1
133198517665772064,-0.0828846,-0.616135,0.783267,1.40231,-0.989418,-0.0430428,-0.138558,0.132802,0.119085,-0.786463,-0.606048,-0.0526466,0,0,0,1
133198517667063776,-0.0758475,-0.606748,0.791267,1.40324,-0.989116,-0.0545596,-0.136649,0.1334,0.126083,-0.793019,-0.596006,-0.0550475,0,0,0,1
133198517667394091,-0.0743991,-0.604699,0.792972,1.40389,-0.988977,-0.0573406,-0.136515,0.133311,0.12802,-0.794387,-0.593768,-0.0555542,0,0,0,1
133198517667726164,-0.0741858,-0.60367,0.793775,1.40462,-0.988884,-0.0583189,-0.136772,0.133155,0.128858,-0.795098,-0.592634,-0.0560665,0,0,0,1
133198517669051583,-0.0805335,-0.607303,0.790378,1.40695,-0.988511,-0.0530943,-0.141518,0.132364,0.127908,-0.792695,-0.596049,-0.0580649,0,0,0,1
133198517670710417,-0.0779645,-0.606477,0.791269,1.40842,-0.988899,-0.0536597,-0.138565,0.132838,0.126496,-0.793288,-0.595561,-0.0594923,0,0,0,1
133198517671027291,-0.0764654,-0.60652,0.791382,1.40864,-0.989132,-0.0538237,-0.136824,0.13307,0.125582,-0.793244,-0.595813,-0.0596329,0,0,0,1
133198517671683774,-0.0752978,-0.606641,0.791402,1.40926,-0.98944,-0.0531182,-0.134857,0.133488,0.123848,-0.793199,-0.596236,-0.0599461,0,0,0,1
133198517672025923,-0.0750189,-0.606151,0.791804,1.40963,-0.989543,-0.0528451,-0.134208,0.133603,0.123193,-0.793592,-0.595848,-0.0601731,0,0,0,1
133198517672367389,-0.0749717,-0.605802,0.792075,1.4099,-0.989493,-0.0532745,-0.134404,0.133614,0.12362,-0.79383,-0.595443,-0.0603863,0,0,0,1
133198517672675067,-0.0748879,-0.605697,0.792163,1.41012,-0.989363,-0.0542204,-0.134988,0.133556,0.124713,-0.793846,-0.595194,-0.0605319,0,0,0,1
133198517673339795,-0.0743041,-0.604355,0.793243,1.41074,-0.989401,-0.0548354,-0.134456,0.13363,0.124757,-0.794826,-0.593875,-0.0603582,0,0,0,1
133198517673664341,-0.0741268,-0.602924,0.794347,1.41119,-0.989604,-0.0539643,-0.133308,0.133839,0.123241,-0.795971,-0.592656,-0.0600308,0,0,0,1
133198517673997703,-0.0741923,-0.600971,0.79582,1.41162,-0.989805,-0.0529171,-0.132237,0.134018,0.121583,-0.797517,-0.590918,-0.0597819,0,0,0,1
133198517674339557,-0.0745729,-0.599217,0.797106,1.41205,-0.989838,-0.0525726,-0.132125,0.134092,0.121078,-0.798858,-0.589208,-0.0595323,0,0,0,1
133198517674654581,-0.0747591,-0.597981,0.798016,1.41231,-0.989858,-0.0524399,-0.132026,0.134148,0.120797,-0.799793,-0.587996,-0.0594654,0,0,0,1
133198517674983295,-0.0744036,-0.597176,0.798652,1.4125,-0.989899,-0.0526936,-0.131621,0.13419,0.120684,-0.800377,-0.587224,-0.0595095,0,0,0,1
133198517675316706,-0.0738429,-0.597003,0.798834,1.41261,-0.989894,-0.0533645,-0.131386,0.134203,0.121067,-0.800462,-0.587029,-0.0597368,0,0,0,1
133198517675644125,-0.0734824,-0.597251,0.798682,1.41275,-0.98986,-0.0539422,-0.131409,0.13422,0.121567,-0.800239,-0.58723,-0.0600535,0,0,0,1
133198517675977914,-0.073442,-0.597532,0.798474,1.41297,-0.989815,-0.0542306,-0.131624,0.134185,0.121952,-0.800009,-0.587464,-0.060406,0,0,0,1
133198517676306786,-0.0740029,-0.597452,0.798483,1.41332,-0.989705,-0.0543603,-0.1324,0.134089,0.122508,-0.80006,-0.587278,-0.0608222,0,0,0,1
133198517676962963,-0.0760562,-0.597459,0.798285,1.41412,-0.98926,-0.055007,-0.13542,0.133601,0.124819,-0.800011,-0.586859,-0.061708,0,0,0,1
133198517677294150,-0.0769701,-0.597881,0.797881,1.41438,-0.989071,-0.0551496,-0.136739,0.133335,0.125757,-0.799685,-0.587102,-0.0622862,0,0,0,1
133198517677624814,-0.0782417,-0.598978,0.796934,1.41451,-0.988781,-0.0554011,-0.138717,0.133042,0.127239,-0.798846,-0.587924,-0.0628884,0,0,0,1
133198517677956643,-0.0791816,-0.600483,0.795708,1.4145,-0.988477,-0.0560092,-0.140631,0.132752,0.129014,-0.797674,-0.589128,-0.0635094,0,0,0,1
133198517678284255,-0.0793893,-0.60255,0.794123,1.41439,-0.988156,-0.0573728,-0.14232,0.132535,0.131316,-0.796016,-0.590859,-0.063988,0,0,0,1
133198517680924073,-0.0723522,-0.608684,0.790107,1.41391,-0.989445,-0.0559216,-0.133687,0.134254,0.125557,-0.79144,-0.598213,-0.0608972,0,0,0,1
133198517681253399,-0.0683918,-0.608291,0.790762,1.41357,-0.989823,-0.0577723,-0.13005,0.134573,0.124792,-0.791608,-0.598149,-0.060275,0,0,0,1
133198517685884836,-0.0563483,-0.600159,0.797893,1.41347,-0.993552,-0.0450419,-0.104046,0.138531,0.0983829,-0.798611,-0.593751,-0.0607944,0,0,0,1
133198517686291888,-0.0476112,-0.597831,0.800207,1.41209,-0.994319,-0.0479891,-0.0950131,0.139542,0.095203,-0.800185,-0.592149,-0.0609766,0,0,0,1
133198517686533395,-0.0445452,-0.597101,0.800928,1.41135,-0.994509,-0.0494893,-0.0922066,0.139833,0.094694,-0.800638,-0.591618,-0.0610673,0,0,0,1
133198517686873738,-0.0438161,-0.59718,0.80091,1.41045,-0.994611,-0.0493236,-0.09119,0.139984,0.0939605,-0.800589,-0.591801,-0.0611582,0,0,0,1
133198517687194444,-0.0445766,-0.597476,0.800647,1.40988,-0.99496,-0.045506,-0.0893535,0.140209,0.0898208,-0.800595,-0.592436,-0.0611917,0,0,0,1
133198517687527908,-0.0488079,-0.59778,0.800173,1.40945,-0.995111,-0.039768,-0.0904077,0.140254,0.0858652,-0.800673,-0.592916,-0.0612797,0,0,0,1
133198517688515851,-0.0600108,-0.600294,0.797525,1.40715,-0.994347,-0.0341648,-0.100536,0.13893,0.0875985,-0.799049,-0.59485,-0.0617533,0,0,0,1
133198517688849754,-0.0610237,-0.602571,0.795729,1.40579,-0.993907,-0.0366257,-0.103957,0.138396,0.0917856,-0.797225,-0.596664,-0.0618269,0,0,0,1
133198517689173753,-0.0593441,-0.605091,0.793942,1.40438,-0.993763,-0.0394118,-0.104317,0.138167,0.0944118,-0.79518,-0.598978,-0.0617511,0,0,0,1
133198517689503454,-0.057923,-0.607353,0.792318,1.40305,-0.99377,-0.0406194,-0.103787,0.138172,0.0952186,-0.793393,-0.601216,-0.0615322,0,0,0,1
133198517689833005,-0.0573694,-0.609292,0.790868,1.40192,-0.993788,-0.040813,-0.103532,0.138229,0.0953591,-0.791895,-0.603166,-0.0612242,0,0,0,1
133198517690167386,-0.0569754,-0.611375,0.789287,1.40092,-0.993783,-0.0410155,-0.103507,0.138218,0.0956546,-0.790277,-0.605237,-0.0608488,0,0,0,1
133198517690494188,-0.0584008,-0.61372,0.787361,1.40005,-0.993616,-0.0405267,-0.105288,0.13804,0.0965267,-0.788483,-0.607435,-0.0604168,0,0,0,1
133198517690823412,-0.0587196,-0.615018,0.786323,1.39939,-0.9936,-0.0401322,-0.105588,0.137983,0.0964952,-0.787491,-0.608726,-0.059971,0,0,0,1
133198517691153666,-0.0583987,-0.614879,0.786457,1.39895,-0.993702,-0.0396696,-0.104803,0.138022,0.0956393,-0.787624,-0.608689,-0.0595731,0,0,0,1
133198517691483988,-0.0592446,-0.613608,0.787385,1.39863,-0.993696,-0.0389508,-0.105122,0.137897,0.0951731,-0.78865,-0.607432,-0.0593617,0,0,0,1
133198517691816445,-0.060776,-0.61183,0.788651,1.39831,-0.993531,-0.0388556,-0.106709,0.137576,0.0959311,-0.790034,-0.60551,-0.0594271,0,0,0,1
133198517692151730,-0.0628675,-0.610102,0.789825,1.3978,-0.993227,-0.039233,-0.109363,0.137107,0.0977099,-0.791351,-0.603504,-0.059844,0,0,0,1
133198517692475962,-0.0648983,-0.609128,0.790412,1.39709,-0.992837,-0.04021,-0.112507,0.136504,0.100314,-0.792052,-0.602155,-0.0604641,0,0,0,1
133198517692803447,-0.0677226,-0.610125,0.789405,1.39605,-0.99206,-0.042858,-0.118233,0.135546,0.10597,-0.791145,-0.602379,-0.0612017,0,0,0,1
133198517693133753,-0.0707874,-0.612615,0.787205,1.39473,-0.991092,-0.0460525,-0.124961,0.134443,0.112806,-0.789038,-0.603898,-0.0619045,0,0,0,1
133198517693466171,-0.0727422,-0.615764,0.784566,1.3933,-0.99029,-0.0488487,-0.130155,0.133493,0.11847,-0.786415,-0.606231,-0.062368,0,0,0,1
133198517693793145,-0.0740013,-0.619576,0.78144,1.39187,-0.989587,-0.0513821,-0.134451,0.132696,0.123455,-0.783253,-0.609323,-0.0625435,0,0,0,1
133198517694157322,-0.0745759,-0.623135,0.778551,1.39048,-0.989319,-0.0518241,-0.136244,0.132228,0.125246,-0.780396,-0.612614,-0.0624305,0,0,0,1
133198517694453351,-0.0749403,-0.624312,0.777572,1.38967,-0.989366,-0.0509243,-0.136239,0.1321,0.124653,-0.779514,-0.613857,-0.0622202,0,0,0,1
133198517694783891,-0.0750782,-0.624574,0.777349,1.38899,-0.989287,-0.0512235,-0.136704,0.131864,0.1252,-0.779284,-0.614037,-0.0621186,0,0,0,1
133198517695113956,-0.0738732,-0.624836,0.777254,1.38849,-0.989103,-0.0536221,-0.137115,0.131565,0.127353,-0.778913,-0.614065,-0.0623266,0,0,0,1
133198517695445262,-0.0709171,-0.626184,0.776443,1.38807,-0.98892,-0.057631,-0.136802,0.131183,0.130411,-0.777542,-0.61516,-0.0629105,0,0,0,1
133198517695774595,-0.0684402,-0.628426,0.774853,1.38776,-0.988729,-0.0609417,-0.136756,0.13071,0.133162,-0.775479,-0.617172,-0.0637562,0,0,0,1
133198517696225075,-0.0680135,-0.631033,0.772768,1.38768,-0.988363,-0.0630172,-0.138448,0.129952,0.136063,-0.773192,-0.619404,-0.0648562,0,0,0,1
