375.646,199.865,760,428
133198518096903153,590.042,589.735,-0.985044,0.0557129,-0.163065,-0.226639,0.0420589,0.995408,0.086023,0.13833,0.167107,0.0778785,-0.982861,1.71031,0,0,0,1
133198518097236351,590.042,589.735,-0.984594,0.0568599,-0.16537,-0.226075,0.0429766,0.99534,0.0863542,0.138334,0.169507,0.0779171,-0.982447,1.71045,0,0,0,1
133198518097569548,590.042,589.735,-0.984272,0.0575665,-0.167032,-0.225619,0.0435187,0.995297,0.0865799,0.138353,0.171228,0.0779495,-0.982146,1.7106,0,0,0,1
133198518098235943,590.042,589.735,-0.983853,0.0595412,-0.1688,-0.22526,0.0452804,0.995172,0.0871125,0.138329,0.173169,0.0780631,-0.981797,1.71115,0,0,0,1
133198518098569141,590.042,589.735,-0.983716,0.059607,-0.169577,-0.225273,0.0452941,0.995176,0.0870577,0.138355,0.173946,0.0779596,-0.981668,1.71142,0,0,0,1
133198518099901932,590.042,589.735,-0.983694,0.0562209,-0.170855,-0.22508,0.0417421,0.99532,0.0871871,0.138257,0.174955,0.0786339,-0.981434,1.71301,0,0,0,1
133198518100235129,590.042,589.735,-0.983397,0.0572123,-0.172227,-0.224489,0.0427011,0.995311,0.0868157,0.138283,0.176384,0.0780205,-0.981227,1.71336,0,0,0,1
133198518100568327,590.042,589.735,-0.982993,0.0581431,-0.174213,-0.223951,0.0435467,0.995305,0.0864694,0.138388,0.17842,0.0774127,-0.980907,1.71372,0,0,0,1
133198518100901525,590.042,589.735,-0.982744,0.0581126,-0.17562,-0.223538,0.0435832,0.995388,0.0854897,0.138558,0.179776,0.0763608,-0.980742,1.71421,0,0,0,1
133198518101234722,590.042,589.735,-0.982524,0.0576228,-0.177011,-0.223362,0.042872,0.99537,0.0860589,0.138542,0.181148,0.0769665,-0.980442,1.71468,0,0,0,1
133198518102567513,590.042,589.735,-0.982671,0.0558748,-0.17675,-0.222791,0.0411388,0.995451,0.0859676,0.138371,0.180748,0.077207,-0.980497,1.71746,0,0,0,1
133198518102900711,590.042,589.735,-0.982299,0.0570474,-0.17844,-0.222667,0.041423,0.995074,0.0900964,0.137829,0.182698,0.0811104,-0.97982,1.71813,0,0,0,1
133198518103233908,590.042,589.735,-0.982531,0.0544186,-0.177977,-0.222888,0.0389962,0.995268,0.0890344,0.137832,0.181978,0.080539,-0.980002,1.71886,0,0,0,1
133198518103567106,590.042,589.735,-0.983109,0.0510292,-0.175778,-0.223171,0.0360325,0.995518,0.0874786,0.137884,0.179452,0.0796677,-0.980539,1.7197,0,0,0,1
133198518103900304,590.042,589.735,-0.983305,0.0513851,-0.174574,-0.223131,0.0357763,0.995173,0.0914115,0.137429,0.178426,0.0836401,-0.980395,1.72055,0,0,0,1
133198518104233501,590.042,589.735,-0.983375,0.0519192,-0.174022,-0.222935,0.0361669,0.995058,0.0924999,0.137293,0.177963,0.0846686,-0.980391,1.72141,0,0,0,1
133198518104566699,590.042,589.735,-0.983301,0.0515862,-0.17454,-0.222503,0.036025,0.995186,0.0911781,0.13742,0.178402,0.083368,-0.980423,1.72234,0,0,0,1
133198518104899897,590.042,589.735,-0.983011,0.0519648,-0.176054,-0.221929,0.0361237,0.995104,0.0920202,0.137302,0.179971,0.0840975,-0.980073,1.72333,0,0,0,1
133198518105899490,590.042,589.735,-0.983041,0.0533744,-0.175461,-0.220588,0.0369265,0.994727,0.0957065,0.136852,0.179642,0.0876046,-0.979826,1.72653,0,0,0,1
133198518106232687,590.042,589.735,-0.983175,0.0535869,-0.174646,-0.220249,0.0371093,0.994664,0.0962873,0.136755,0.178872,0.0881866,-0.979915,1.72749,0,0,0,1
133198518106565885,590.042,589.735,-0.983173,0.0526378,-0.174947,-0.219863,0.0358435,0.994563,0.0978083,0.13657,0.179142,0.089892,-0.979711,1.72833,0,0,0,1
133198518106899082,590.042,589.735,-0.983259,0.0512,-0.174887,-0.219521,0.0345361,0.994685,0.0970337,0.136614,0.178924,0.0893697,-0.979799,1.72914,0,0,0,1
133198518107232280,590.042,589.735,-0.983449,0.0492492,-0.174382,-0.219162,0.032694,0.994792,0.0965695,0.136682,0.178227,0.0892702,-0.979934,1.72986,0,0,0,1
133198518107565478,590.042,589.735,-0.983727,0.0474629,-0.173299,-0.218826,0.0309778,0.994842,0.0966222,0.136647,0.176989,0.089682,-0.980121,1.73054,0,0,0,1
133198518108898268,590.042,589.735,-0.98459,0.0483249,-0.168086,-0.216579,0.0313526,0.994273,0.102202,0.135963,0.172059,0.0953571,-0.980463,1.73207,0,0,0,1
133198518109231466,590.042,589.735,-0.984604,0.0468953,-0.168407,-0.215955,0.0297603,0.994252,0.102868,0.135867,0.172261,0.0962727,-0.980339,1.73203,0,0,0,1
133198518109564664,590.042,589.735,-0.984653,0.0454252,-0.168523,-0.215338,0.0280491,0.994175,0.104093,0.135782,0.172267,0.0977688,-0.980189,1.73184,0,0,0,1
133198518109897862,590.042,589.735,-0.984668,0.0453724,-0.168451,-0.214663,0.0277772,0.994047,0.105377,0.135735,0.172226,0.0990825,-0.980064,1.73152,0,0,0,1
133198518110231059,590.042,589.735,-0.984417,0.0469543,-0.169485,-0.213817,0.0292277,0.99398,0.105611,0.135776,0.173421,0.0990121,-0.979861,1.73107,0,0,0,1
133198518110564257,590.042,589.735,-0.983928,0.0489061,-0.171753,-0.213055,0.0312347,0.994077,0.104126,0.135929,0.175826,0.0970878,-0.979625,1.73057,0,0,0,1
133198518110897454,590.042,589.735,-0.983534,0.0488234,-0.17402,-0.212323,0.0310447,0.994152,0.103463,0.136037,0.178051,0.0963572,-0.979295,1.73001,0,0,0,1
133198518111230652,590.042,589.735,-0.983233,0.0484787,-0.175808,-0.211857,0.0305672,0.994194,0.103196,0.136018,0.179788,0.0960923,-0.979004,1.72939,0,0,0,1
133198518111897048,590.042,589.735,-0.98344,0.0467113,-0.175127,-0.211839,0.0287505,0.994193,0.103729,0.135761,0.178953,0.0969769,-0.97907,1.7281,0,0,0,1
133198518112230245,590.042,589.735,-0.983838,0.0455723,-0.173179,-0.212214,0.0278011,0.994224,0.103693,0.135603,0.176902,0.0972025,-0.97942,1.72745,0,0,0,1
133198518112563443,590.042,589.735,-0.984352,0.0436476,-0.17074,-0.212719,0.0260097,0.994218,0.104207,0.135371,0.174299,0.0981357,-0.979793,1.72689,0,0,0,1
133198518112896640,590.042,589.735,-0.985049,0.0414105,-0.167239,-0.213264,0.0236325,0.993989,0.106928,0.13487,0.170659,0.101378,-0.980104,1.72627,0,0,0,1
133198518113229838,590.042,589.735,-0.985746,0.0408043,-0.163233,-0.213621,0.0228258,0.993613,0.110538,0.13434,0.166699,0.105236,-0.980379,1.72566,0,0,0,1
133198518113563036,590.042,589.735,-0.986293,0.0420485,-0.159575,-0.213703,0.024011,0.993271,0.113325,0.134007,0.163264,0.10794,-0.980663,1.72495,0,0,0,1
133198518113896234,590.042,589.735,-0.986663,0.0433268,-0.156926,-0.213636,0.0257636,0.993346,0.112273,0.13416,0.160744,0.106733,-0.981211,1.72432,0,0,0,1
133198518114229431,590.042,589.735,-0.986789,0.0443276,-0.155846,-0.21328,0.0272896,0.99358,0.109815,0.134412,0.15971,0.104111,-0.981661,1.72381,0,0,0,1
133198518114562629,590.042,589.735,-0.986624,0.0454057,-0.156582,-0.212757,0.0281367,0.993448,0.110792,0.134254,0.160584,0.104905,-0.981435,1.72332,0,0,0,1
133198518114895825,590.042,589.735,-0.986451,0.0462234,-0.157426,-0.212357,0.0286119,0.993259,0.112356,0.133976,0.161556,0.106329,-0.981121,1.72281,0,0,0,1
133198518115229024,590.042,589.735,-0.986441,0.0467754,-0.157324,-0.212119,0.02882,0.993004,0.114534,0.133689,0.161578,0.108447,-0.980886,1.72226,0,0,0,1
133198518115562222,590.042,589.735,-0.986584,0.0467268,-0.156444,-0.212059,0.0286307,0.992841,0.115989,0.133536,0.160741,0.109954,-0.980856,1.72171,0,0,0,1
133198518115895419,590.042,589.735,-0.986687,0.0464779,-0.155869,-0.212015,0.0283386,0.992773,0.11664,0.133553,0.160162,0.110671,-0.98087,1.72112,0,0,0,1
133198518116228617,590.042,589.735,-0.98656,0.0462679,-0.156731,-0.211766,0.028242,0.992927,0.115346,0.133867,0.160957,0.109369,-0.980886,1.72055,0,0,0,1
133198518116561814,590.042,589.735,-0.986143,0.0465316,-0.159256,-0.211367,0.0285524,0.993145,0.113378,0.134179,0.163437,0.10726,-0.980709,1.72004,0,0,0,1
133198518117228210,590.042,589.735,-0.985204,0.0479689,-0.164552,-0.210721,0.0293648,0.993086,0.113684,0.134203,0.168865,0.10717,-0.979799,1.71905,0,0,0,1
133198518117561407,590.042,589.735,-0.984946,0.0487659,-0.165855,-0.210631,0.0301334,0.993134,0.113059,0.134309,0.170228,0.10636,-0.979651,1.71851,0,0,0,1
133198518117894605,590.042,589.735,-0.984809,0.0491391,-0.166558,-0.210662,0.0306487,0.993259,0.111822,0.13448,0.170927,0.105019,-0.979673,1.71794,0,0,0,1
133198518118227803,590.042,589.735,-0.984719,0.0490262,-0.167127,-0.210812,0.0306181,0.993352,0.110995,0.134582,0.171455,0.104182,-0.979671,1.71743,0,0,0,1
133198518118561001,590.042,589.735,-0.98463,0.0485403,-0.167787,-0.210994,0.0301712,0.993438,0.110345,0.134715,0.17204,0.103587,-0.979631,1.71699,0,0,0,1
133198518119893791,590.042,589.735,-0.984293,0.0485926,-0.169741,-0.208603,0.0303182,0.99362,0.10864,0.134374,0.173935,0.101787,-0.979485,1.71848,0,0,0,1
133198518120226989,590.042,589.735,-0.983986,0.0484564,-0.171547,-0.208983,0.0299029,0.993579,0.109133,0.134335,0.175731,0.102256,-0.979116,1.71829,0,0,0,1
133198518120560186,590.042,589.735,-0.983602,0.0480744,-0.173842,-0.209511,0.0292074,0.993559,0.109504,0.134427,0.177985,0.102632,-0.978669,1.71794,0,0,0,1
133198518120893384,590.042,589.735,-0.983251,0.0475212,-0.175968,-0.21035,0.0283627,0.993547,0.109832,0.134531,0.18005,0.103002,-0.978253,1.71739,0,0,0,1
133198518121226581,590.042,589.735,-0.983028,0.0469196,-0.177365,-0.211703,0.0276048,0.993568,0.109839,0.134809,0.181376,0.103079,-0.977999,1.71653,0,0,0,1
133198518121559779,590.042,589.735,-0.982872,0.0470492,-0.178199,-0.211674,0.027573,0.993525,0.110236,0.134672,0.18223,0.103435,-0.977803,1.71668,0,0,0,1
133198518121892976,590.042,589.735,-0.982683,0.0477475,-0.179051,-0.211569,0.0279845,0.993392,0.111322,0.1344,0.183181,0.104384,-0.977524,1.71674,0,0,0,1
133198518122559372,590.042,589.735,-0.98205,0.0500775,-0.181866,-0.210981,0.0298706,0.993239,0.112195,0.134041,0.186252,0.104749,-0.976904,1.71697,0,0,0,1
133198518123225767,590.042,589.735,-0.980973,0.0531014,-0.186752,-0.210156,0.0324032,0.99316,0.112189,0.133832,0.19143,0.104004,-0.975983,1.71715,0,0,0,1
133198518123558965,590.042,589.735,-0.980335,0.054412,-0.189707,-0.2098,0.03348,0.993163,0.111849,0.133843,0.194494,0.103299,-0.975452,1.71723,0,0,0,1
133198518123892163,590.042,589.735,-0.979766,0.054805,-0.19251,-0.209699,0.0337015,0.993224,0.111238,0.133877,0.1973,0.102499,-0.974972,1.71736,0,0,0,1
133198518124225361,590.042,589.735,-0.979342,0.0548203,-0.19465,-0.209783,0.0336715,0.993325,0.110344,0.134018,0.199398,0.10151,-0.974649,1.7175,0,0,0,1
133198518124558558,590.042,589.735,-0.979214,0.0545913,-0.195357,-0.210232,0.0335278,0.993418,0.109549,0.134136,0.200049,0.100722,-0.974598,1.71777,0,0,0,1
133198518124891755,590.042,589.735,-0.979419,0.0539258,-0.194514,-0.210946,0.0329294,0.993431,0.109606,0.134168,0.199145,0.100946,-0.974759,1.71814,0,0,0,1
133198518125224953,590.042,589.735,-0.979671,0.0528868,-0.193529,-0.211803,0.0320411,0.993494,0.109302,0.134215,0.198048,0.10088,-0.97499,1.71851,0,0,0,1
133198518125558151,590.042,589.735,-0.979911,0.0516437,-0.192645,-0.212632,0.0307884,0.993487,0.109722,0.134267,0.197055,0.101587,-0.975118,1.71889,0,0,0,1
133198518125891349,590.042,589.735,-0.979976,0.0500934,-0.192726,-0.213537,0.0292746,0.993569,0.109393,0.13422,0.196964,0.101561,-0.975138,1.71922,0,0,0,1
133198518126224546,590.042,589.735,-0.979977,0.0478055,-0.193301,-0.214343,0.0270451,0.993714,0.108647,0.134378,0.197278,0.101244,-0.975108,1.71955,0,0,0,1
133198518126890941,590.042,589.735,-0.979969,0.0435338,-0.194347,-0.215935,0.0229599,0.994008,0.106886,0.134655,0.197834,0.100283,-0.975095,1.72022,0,0,0,1
133198518127224139,590.042,589.735,-0.980081,0.0421244,-0.194088,-0.216704,0.0215787,0.99405,0.106781,0.134683,0.197429,0.100467,-0.975158,1.72059,0,0,0,1
133198518127557337,590.042,589.735,-0.980244,0.0413022,-0.193442,-0.217346,0.0206896,0.994003,0.107389,0.134552,0.196716,0.101266,-0.975219,1.72091,0,0,0,1
133198518127890535,590.042,589.735,-0.980523,0.0407139,-0.192149,-0.217954,0.020096,0.993943,0.108056,0.134415,0.195384,0.10209,-0.975401,1.72126,0,0,0,1
133198518128223732,590.042,589.735,-0.980898,0.0403933,-0.190293,-0.218525,0.0198242,0.993869,0.108782,0.134306,0.19352,0.102931,-0.975685,1.72164,0,0,0,1
133198518128556930,590.042,589.735,-0.981363,0.0399528,-0.187978,-0.21918,0.019444,0.993775,0.109709,0.134101,0.19119,0.10401,-0.976029,1.72205,0,0,0,1
133198518129223325,590.042,589.735,-0.982075,0.0398673,-0.184242,-0.22006,0.019318,0.99352,0.112014,0.13374,0.187513,0.106447,-0.97648,1.72252,0,0,0,1
133198518129556523,590.042,589.735,-0.982319,0.0397043,-0.182973,-0.220352,0.019115,0.993418,0.112948,0.133557,0.186252,0.107454,-0.976611,1.72254,0,0,0,1
133198518129889721,590.042,589.735,-0.98248,0.0393773,-0.182177,-0.220553,0.018798,0.99338,0.113342,0.133503,0.185433,0.107932,-0.976714,1.72239,0,0,0,1
133198518130222918,590.042,589.735,-0.982548,0.0390762,-0.181871,-0.220678,0.0185631,0.993405,0.113156,0.133531,0.185092,0.107806,-0.976793,1.72211,0,0,0,1
133198518130556115,590.042,589.735,-0.98251,0.0389697,-0.182099,-0.22066,0.0185135,0.993456,0.112715,0.133649,0.185299,0.107373,-0.976801,1.72167,0,0,0,1
133198518130889313,590.042,589.735,-0.982347,0.039004,-0.182974,-0.22065,0.0186272,0.993559,0.11179,0.133763,0.186155,0.106409,-0.976744,1.72114,0,0,0,1
133198518131222511,590.042,589.735,-0.982063,0.0392996,-0.184424,-0.220531,0.0190492,0.993715,0.110319,0.133918,0.1876,0.104828,-0.976638,1.72046,0,0,0,1
133198518131555709,590.042,589.735,-0.981741,0.0397691,-0.186037,-0.220376,0.0195361,0.993812,0.109354,0.134087,0.189233,0.103723,-0.976442,1.71975,0,0,0,1
133198518131888906,590.042,589.735,-0.981491,0.0403696,-0.187219,-0.220251,0.0201932,0.993898,0.108452,0.134263,0.190454,0.102664,-0.976316,1.71903,0,0,0,1
133198518132222103,590.042,589.735,-0.981355,0.0406137,-0.187877,-0.220286,0.0205972,0.994015,0.107293,0.134399,0.191109,0.101423,-0.976318,1.71824,0,0,0,1
133198518132555301,590.042,589.735,-0.981348,0.0404673,-0.187947,-0.220475,0.0205554,0.994079,0.106712,0.134574,0.191151,0.100858,-0.976368,1.7175,0,0,0,1
133198518132888498,590.042,589.735,-0.981408,0.0403993,-0.187646,-0.220754,0.0206885,0.994169,0.105838,0.134679,0.190827,0.0999884,-0.976521,1.7167,0,0,0,1
133198518133221697,590.042,589.735,-0.981493,0.0404076,-0.187201,-0.220912,0.0209722,0.994288,0.104663,0.134988,0.19036,0.0988002,-0.976733,1.71588,0,0,0,1
133198518133554894,590.042,589.735,-0.981464,0.040678,-0.187296,-0.221081,0.0214157,0.994375,0.103744,0.135251,0.190462,0.0978098,-0.976813,1.71495,0,0,0,1
133198518133888092,590.042,589.735,-0.981314,0.0408083,-0.188052,-0.221254,0.0217042,0.994492,0.102553,0.135443,0.1912,0.0965552,-0.976793,1.71397,0,0,0,1
133198518134221289,590.042,589.735,-0.981282,0.0400629,-0.188377,-0.221501,0.0210411,0.994572,0.101917,0.135728,0.191436,0.0960459,-0.976797,1.71304,0,0,0,1
133198518134554487,590.042,589.735,-0.981419,0.0398113,-0.187716,-0.221913,0.0209585,0.994629,0.101371,0.135873,0.190743,0.0955535,-0.976981,1.71214,0,0,0,1
133198518134887685,590.042,589.735,-0.981697,0.0398394,-0.186248,-0.222494,0.0212116,0.994665,0.100961,0.135977,0.189276,0.095163,-0.977305,1.7113,0,0,0,1
133198518135220882,590.042,589.735,-0.981968,0.039833,-0.184818,-0.222939,0.0212733,0.994625,0.10134,0.136006,0.187861,0.0955809,-0.977537,1.71051,0,0,0,1
133198518135887278,590.042,589.735,-0.982042,0.0395249,-0.184491,-0.223586,0.0205991,0.994428,0.103397,0.136041,0.187549,0.0977399,-0.977383,1.70909,0,0,0,1
133198518136220475,590.042,589.735,-0.981813,0.0393684,-0.185735,-0.223831,0.0203022,0.994427,0.103461,0.136048,0.188773,0.0978089,-0.977141,1.70846,0,0,0,1
133198518136553673,590.042,589.735,-0.981642,0.0390262,-0.186708,-0.223881,0.019827,0.994421,0.103615,0.136207,0.189709,0.0980113,-0.976939,1.70794,0,0,0,1
133198518136886871,590.042,589.735,-0.981395,0.039606,-0.187884,-0.22388,0.0203315,0.99443,0.103428,0.136376,0.190934,0.0976839,-0.976733,1.70744,0,0,0,1
133198518137220068,590.042,589.735,-0.981128,0.0404601,-0.189095,-0.223739,0.0211956,0.994476,0.102812,0.136635,0.192209,0.0968642,-0.976565,1.707,0,0,0,1
133198518137553266,590.042,589.735,-0.980835,0.0411604,-0.190455,-0.223584,0.0219255,0.994541,0.102022,0.136931,0.193614,0.0958914,-0.976383,1.70663,0,0,0,1
133198518137886463,590.042,589.735,-0.98037,0.0416197,-0.192739,-0.223329,0.0223835,0.994643,0.10093,0.13719,0.195907,0.0946348,-0.976048,1.70624,0,0,0,1
133198518138219662,590.042,589.735,-0.979765,0.0421046,-0.195688,-0.222964,0.0228673,0.994771,0.0995469,0.137525,0.198855,0.093058,-0.975603,1.7059,0,0,0,1
133198518138552859,590.042,589.735,-0.979102,0.0427669,-0.198835,-0.222548,0.0235786,0.994919,0.0978911,0.13793,0.202011,0.0911573,-0.975134,1.70558,0,0,0,1
133198518138886056,590.042,589.735,-0.978499,0.0432964,-0.201669,-0.222209,0.0242068,0.995071,0.0961823,0.138331,0.204839,0.0892327,-0.974723,1.70526,0,0,0,1
133198518139219254,590.042,589.735,-0.978001,0.043756,-0.203973,-0.222115,0.0247032,0.995168,0.0950388,0.138653,0.207145,0.0879095,-0.974355,1.70495,0,0,0,1
133198518139552451,590.042,589.735,-0.977651,0.0440642,-0.205576,-0.222056,0.0251635,0.995287,0.0936678,0.138985,0.208734,0.0864018,-0.974151,1.70461,0,0,0,1
133198518141551637,590.042,589.735,-0.977413,0.0418229,-0.20717,-0.223867,0.0255488,0.996419,0.0806186,0.141374,0.209799,0.073505,-0.97498,1.70298,0,0,0,1
133198518141884835,590.042,589.735,-0.977275,0.0406583,-0.208054,-0.224434,0.0243178,0.996458,0.0805053,0.141423,0.210589,0.0736166,-0.974802,1.70311,0,0,0,1
133198518144550416,590.042,589.735,-0.979764,0.0388639,-0.196363,-0.22955,0.0216492,0.995791,0.0890673,0.139536,0.198997,0.083014,-0.976481,1.70344,0,0,0,1
133198518144883614,590.042,589.735,-0.979929,0.0384727,-0.195613,-0.229784,0.0215983,0.995916,0.087679,0.139728,0.198187,0.0816944,-0.976757,1.70326,0,0,0,1
133198518145216811,590.042,589.735,-0.979909,0.0380797,-0.195789,-0.229915,0.0213788,0.996005,0.0867189,0.139842,0.198308,0.080791,-0.976807,1.70322,0,0,0,1
133198518145550009,590.042,589.735,-0.97977,0.0379107,-0.196518,-0.229924,0.0212359,0.996046,0.0862767,0.139927,0.199011,0.0803583,-0.9767,1.70331,0,0,0,1
133198518145883207,590.042,589.735,-0.979637,0.0380691,-0.197148,-0.229836,0.02136,0.99605,0.0861994,0.139871,0.19965,0.0802332,-0.97658,1.70345,0,0,0,1
133198518146216404,590.042,589.735,-0.979556,0.0387693,-0.197411,-0.229774,0.0218998,0.995975,0.0869332,0.139771,0.199986,0.0808329,-0.976461,1.70375,0,0,0,1
133198518146549602,590.042,589.735,-0.979533,0.0393946,-0.197402,-0.229758,0.0222732,0.995854,0.088218,0.139546,0.200058,0.0820158,-0.976348,1.70404,0,0,0,1
133198518146882799,590.042,589.735,-0.979579,0.0396282,-0.197131,-0.229781,0.0222691,0.995738,0.0895101,0.1393,0.199837,0.0832924,-0.976285,1.70433,0,0,0,1
133198518147215997,590.042,589.735,-0.979689,0.0395271,-0.196604,-0.22979,0.0221279,0.995704,0.0899229,0.139205,0.199314,0.0837463,-0.976353,1.70463,0,0,0,1
133198518147549194,590.042,589.735,-0.979739,0.039355,-0.196389,-0.229759,0.0219828,0.995712,0.0898688,0.139152,0.199083,0.0837309,-0.976402,1.70487,0,0,0,1
133198518147882392,590.042,589.735,-0.979713,0.0392822,-0.196529,-0.229698,0.0218431,0.995692,0.0901313,0.139087,0.199222,0.0840103,-0.976349,1.70514,0,0,0,1
133198518149548380,590.042,589.735,-0.979854,0.0403405,-0.195614,-0.22879,0.0226728,0.995527,0.0917332,0.13879,0.198439,0.0854501,-0.976384,1.7067,0,0,0,1
133198518149881578,590.042,589.735,-0.97998,0.0406525,-0.194914,-0.228511,0.0230452,0.995515,0.0917675,0.138724,0.19777,0.0854387,-0.976521,1.70705,0,0,0,1
133198518150214775,590.042,589.735,-0.980071,0.0414246,-0.194293,-0.228297,0.0238604,0.995485,0.0918863,0.138684,0.197222,0.0854193,-0.976633,1.70741,0,0,0,1
133198518150547973,590.042,589.735,-0.98006,0.042135,-0.194197,-0.227903,0.0246199,0.995479,0.0917421,0.138717,0.197184,0.0851319,-0.976666,1.70773,0,0,0,1
133198518150881171,590.042,589.735,-0.979918,0.0425751,-0.194818,-0.227605,0.0250151,0.995471,0.091726,0.138645,0.19784,0.0850108,-0.976544,1.70808,0,0,0,1
133198518151214368,590.042,589.735,-0.97977,0.0429206,-0.195486,-0.227287,0.025212,0.995423,0.0921933,0.138594,0.198548,0.0853999,-0.976366,1.70843,0,0,0,1
133198518151547566,590.042,589.735,-0.979713,0.0434185,-0.19566,-0.227005,0.025674,0.995398,0.0923337,0.13854,0.198767,0.0854375,-0.976318,1.70881,0,0,0,1
133198518151880764,590.042,589.735,-0.9798,0.0434742,-0.195211,-0.226855,0.0256781,0.995356,0.0927882,0.138477,0.198337,0.0859013,-0.976365,1.70928,0,0,0,1
133198518152213962,590.042,589.735,-0.979885,0.0437267,-0.194729,-0.226645,0.0258349,0.995286,0.0934932,0.13836,0.197898,0.086582,-0.976394,1.70972,0,0,0,1
133198518152880356,590.042,589.735,-0.979804,0.0439998,-0.195072,-0.226315,0.0258687,0.995186,0.094539,0.138141,0.198292,0.0875836,-0.976225,1.71064,0,0,0,1
133198518153213554,590.042,589.735,-0.979625,0.0440093,-0.195968,-0.226132,0.0257464,0.995166,0.0947866,0.13803,0.199191,0.0878102,-0.976022,1.71108,0,0,0,1
133198518153546752,590.042,589.735,-0.979471,0.0440571,-0.196726,-0.225967,0.0256377,0.995128,0.0952159,0.137961,0.199961,0.0882178,-0.975827,1.7115,0,0,0,1
133198518153879950,590.042,589.735,-0.979363,0.0442431,-0.197221,-0.225836,0.0256585,0.99507,0.095813,0.137804,0.200487,0.0887755,-0.975668,1.71188,0,0,0,1
133198518155545938,590.042,589.735,-0.979581,0.0454563,-0.195858,-0.225981,0.0266044,0.994848,0.0978329,0.137303,0.199295,0.0906248,-0.975743,1.71291,0,0,0,1
133198518156212333,590.042,589.735,-0.979598,0.045841,-0.195682,-0.226052,0.0271634,0.994906,0.0970897,0.137365,0.199135,0.0897937,-0.975852,1.71272,0,0,0,1
133198518156545530,590.042,589.735,-0.979588,0.046175,-0.195653,-0.226038,0.0276648,0.994968,0.0963073,0.137422,0.199115,0.0889288,-0.975936,1.71249,0,0,0,1
133198518156878728,590.042,589.735,-0.979517,0.0465398,-0.195924,-0.226014,0.0281738,0.995031,0.0955082,0.13748,0.199394,0.0880323,-0.97596,1.71228,0,0,0,1
133198518157211926,590.042,589.735,-0.979446,0.0466383,-0.196253,-0.225878,0.0283488,0.995075,0.0949951,0.137593,0.199716,0.0874793,-0.975944,1.71205,0,0,0,1
133198518157545124,590.042,589.735,-0.979432,0.0468065,-0.196285,-0.225766,0.0285142,0.995069,0.0950071,0.137606,0.199763,0.0874563,-0.975936,1.71181,0,0,0,1
133198518157878321,590.042,589.735,-0.979397,0.0477834,-0.196221,-0.225602,0.0295509,0.995057,0.094819,0.137609,0.199781,0.0870672,-0.975967,1.71154,0,0,0,1
133198518158211519,590.042,589.735,-0.97941,0.048768,-0.195918,-0.225454,0.0305721,0.995023,0.0948505,0.137588,0.199568,0.0869081,-0.976025,1.71127,0,0,0,1
133198518158544716,590.042,589.735,-0.979436,0.0494327,-0.19562,-0.225332,0.0311805,0.99496,0.0953105,0.137489,0.199345,0.0872512,-0.97604,1.71101,0,0,0,1
133198518158877914,590.042,589.735,-0.979475,0.0498311,-0.19532,-0.225242,0.0315504,0.994919,0.0956147,0.137412,0.199091,0.0874901,-0.976071,1.71074,0,0,0,1
133198518159211112,590.042,589.735,-0.979494,0.0501863,-0.195134,-0.225209,0.0318692,0.994882,0.0959033,0.137315,0.198948,0.0877182,-0.976079,1.71047,0,0,0,1
133198518159544309,590.042,589.735,-0.979484,0.0499772,-0.195237,-0.225202,0.0316728,0.9949,0.095779,0.137332,0.199028,0.0876305,-0.976071,1.71019,0,0,0,1
133198518159877507,590.042,589.735,-0.9795,0.0495386,-0.19527,-0.22528,0.0312348,0.994919,0.0957283,0.13729,0.199019,0.0876669,-0.976069,1.70994,0,0,0,1
133198518160210704,590.042,589.735,-0.979513,0.0494761,-0.195224,-0.225373,0.0311514,0.99491,0.0958458,0.137272,0.198971,0.087801,-0.976067,1.70969,0,0,0,1
133198518160543903,590.042,589.735,-0.979507,0.0495786,-0.195226,-0.225397,0.0311813,0.994874,0.0962102,0.137195,0.198994,0.0881515,-0.976031,1.70945,0,0,0,1
133198518160877100,590.042,589.735,-0.979403,0.0497552,-0.195703,-0.22529,0.0313016,0.994863,0.0962846,0.137134,0.199488,0.0881758,-0.975928,1.7092,0,0,0,1
133198518161210298,590.042,589.735,-0.979214,0.0498025,-0.196637,-0.225191,0.0312314,0.99485,0.0964419,0.13709,0.200427,0.0882961,-0.975725,1.7089,0,0,0,1
133198518162209889,590.042,589.735,-0.978688,0.0497942,-0.19924,-0.2249,0.0310544,0.994888,0.0961032,0.137062,0.203006,0.0878679,-0.97523,1.70804,0,0,0,1
133198518162543088,590.042,589.735,-0.978552,0.0494899,-0.199981,-0.224787,0.0307074,0.994913,0.0959577,0.137088,0.203712,0.087759,-0.975093,1.7078,0,0,0,1
133198518162876286,590.042,589.735,-0.978448,0.0491539,-0.200568,-0.224614,0.0303351,0.994935,0.0958475,0.13715,0.204262,0.0876978,-0.974983,1.70748,0,0,0,1
133198518163209483,590.042,589.735,-0.978389,0.0490014,-0.200894,-0.224358,0.0301882,0.994957,0.0956663,0.137223,0.204568,0.0875344,-0.974933,1.70728,0,0,0,1
133198518163542681,590.042,589.735,-0.978381,0.0489414,-0.200948,-0.224251,0.0300872,0.994943,0.0958336,0.137298,0.204622,0.0877161,-0.974905,1.70714,0,0,0,1
133198518163875878,590.042,589.735,-0.978406,0.04907,-0.200798,-0.224219,0.0301861,0.99492,0.0960509,0.137252,0.204491,0.0879156,-0.974915,1.70705,0,0,0,1
133198518164209076,590.042,589.735,-0.978432,0.0493919,-0.200591,-0.224221,0.0304632,0.99488,0.0963805,0.137181,0.204324,0.0881914,-0.974925,1.70702,0,0,0,1
133198518164542274,590.042,589.735,-0.978446,0.0496747,-0.200454,-0.224181,0.0307063,0.994846,0.0966541,0.137131,0.204221,0.0884157,-0.974926,1.70699,0,0,0,1
133198518167207854,590.042,589.735,-0.978592,0.0495381,-0.199772,-0.22433,0.0308112,0.994926,0.0957869,0.13717,0.203502,0.0875814,-0.975152,1.70722,0,0,0,1
133198518167541052,590.042,589.735,-0.978563,0.0494764,-0.199931,-0.224472,0.0307979,0.994956,0.095481,0.137129,0.203645,0.087277,-0.97515,1.70734,0,0,0,1
133198518167874250,590.042,589.735,-0.978676,0.0488036,-0.199544,-0.224712,0.0301363,0.99497,0.0955415,0.137145,0.203202,0.0874909,-0.975223,1.70752,0,0,0,1
133198518168207448,590.042,589.735,-0.978817,0.0482663,-0.198979,-0.22499,0.0296439,0.994986,0.0955312,0.137097,0.202592,0.0876091,-0.975339,1.70771,0,0,0,1
133198518168540645,590.042,589.735,-0.978948,0.047612,-0.198494,-0.225256,0.0290748,0.995027,0.0952814,0.137138,0.202043,0.0875044,-0.975462,1.70794,0,0,0,1
133198518168873842,590.042,589.735,-0.97897,0.046965,-0.19854,-0.225457,0.0284232,0.995051,0.0952328,0.137141,0.202029,0.087587,-0.975458,1.70815,0,0,0,1
133198518169207040,590.042,589.735,-0.978957,0.0464943,-0.19871,-0.225629,0.0279103,0.995056,0.0953237,0.137117,0.202159,0.087772,-0.975414,1.70837,0,0,0,1
133198518169540238,590.042,589.735,-0.978982,0.046193,-0.198656,-0.225808,0.0276039,0.995062,0.0953477,0.137141,0.202079,0.0878602,-0.975423,1.7086,0,0,0,1
133198518169873436,590.042,589.735,-0.979033,0.0459629,-0.198461,-0.225977,0.0273786,0.995064,0.0953941,0.137141,0.201865,0.0879607,-0.975458,1.70883,0,0,0,1
133198518170206633,590.042,589.735,-0.979021,0.0459008,-0.198534,-0.226115,0.0272974,0.995061,0.0954474,0.137164,0.201934,0.0880258,-0.975438,1.70906,0,0,0,1
133198518170539831,590.042,589.735,-0.978934,0.0458419,-0.198977,-0.226184,0.0271985,0.995064,0.0954407,0.137144,0.202369,0.0880185,-0.975348,1.70926,0,0,0,1
133198518170873028,590.042,589.735,-0.978817,0.0455967,-0.199609,-0.226282,0.0268331,0.995048,0.0957194,0.137053,0.202984,0.0883358,-0.975192,1.70948,0,0,0,1
133198518171206225,590.042,589.735,-0.978736,0.0453303,-0.200065,-0.226408,0.0264363,0.99502,0.0961231,0.136981,0.203425,0.0887904,-0.975059,1.70969,0,0,0,1
133198518171539424,590.042,589.735,-0.978728,0.0451564,-0.200146,-0.226547,0.026214,0.995009,0.0963037,0.136981,0.203495,0.0890085,-0.975025,1.70987,0,0,0,1
133198518172539016,590.042,589.735,-0.978863,0.0442885,-0.19968,-0.226941,0.0254648,0.99507,0.0958713,0.137008,0.202941,0.08876,-0.975163,1.7102,0,0,0,1
133198518172872214,590.042,589.735,-0.978943,0.0441304,-0.199323,-0.226977,0.0253651,0.995085,0.0957369,0.137093,0.202567,0.0886652,-0.975249,1.71035,0,0,0,1
133198518173205412,590.042,589.735,-0.979006,0.0444245,-0.198945,-0.227003,0.0257078,0.995081,0.0956939,0.137058,0.202217,0.0885705,-0.97533,1.71045,0,0,0,1
133198518173538609,590.042,589.735,-0.979102,0.0444401,-0.19847,-0.22705,0.0257821,0.995086,0.0956234,0.137026,0.201743,0.0885081,-0.975434,1.71062,0,0,0,1
133198518173871807,590.042,589.735,-0.979261,0.0438343,-0.197819,-0.22704,0.0251778,0.995078,0.0958603,0.137098,0.201047,0.0888916,-0.975543,1.71084,0,0,0,1
133198518174205005,590.042,589.735,-0.979402,0.0435807,-0.197174,-0.227041,0.0250272,0.995104,0.0956299,0.137146,0.200375,0.0887256,-0.975696,1.71099,0,0,0,1
133198518174538202,590.042,589.735,-0.979474,0.0438179,-0.196769,-0.226948,0.0253135,0.995101,0.095591,0.137165,0.199992,0.0886479,-0.975782,1.71116,0,0,0,1
133198518175537795,590.042,589.735,-0.979175,0.0449838,-0.197987,-0.226317,0.0262392,0.995008,0.096302,0.137116,0.20133,0.0891014,-0.975466,1.71149,0,0,0,1
133198518175870992,590.042,589.735,-0.979006,0.0454252,-0.19872,-0.226147,0.0266259,0.995001,0.0962732,0.137105,0.202099,0.0889611,-0.975319,1.71159,0,0,0,1
133198518176204190,590.042,589.735,-0.978919,0.0452757,-0.199179,-0.22607,0.0264185,0.995,0.0963335,0.13707,0.202544,0.0890407,-0.975219,1.71167,0,0,0,1
133198518176537388,590.042,589.735,-0.978895,0.0450501,-0.199351,-0.226006,0.0261477,0.994996,0.0964565,0.137121,0.202698,0.0892081,-0.975173,1.71176,0,0,0,1
133198518176870585,590.042,589.735,-0.978904,0.0449572,-0.199327,-0.226042,0.0260925,0.995014,0.0962792,0.137096,0.202661,0.0890471,-0.975195,1.71183,0,0,0,1
133198518177203783,590.042,589.735,-0.978922,0.0447135,-0.199296,-0.226031,0.0258398,0.995018,0.0963172,0.13712,0.202609,0.0891373,-0.975197,1.71189,0,0,0,1
133198518177536980,590.042,589.735,-0.978938,0.0444132,-0.199285,-0.226017,0.0255026,0.995011,0.0964756,0.137078,0.202574,0.0893614,-0.975184,1.71193,0,0,0,1
133198518178203376,590.042,589.735,-0.979033,0.0444538,-0.198808,-0.225896,0.0256651,0.995042,0.0961054,0.137163,0.202094,0.0889879,-0.975318,1.7119,0,0,0,1
133198518178536574,590.042,589.735,-0.979053,0.0449237,-0.198605,-0.225728,0.0261783,0.995037,0.0960247,0.137189,0.201932,0.0888141,-0.975367,1.71184,0,0,0,1
133198518178869771,590.042,589.735,-0.979025,0.045471,-0.198617,-0.225594,0.0267273,0.99502,0.0960534,0.137146,0.201995,0.0887302,-0.975362,1.71173,0,0,0,1
133198518179202968,590.042,589.735,-0.978993,0.0458516,-0.198689,-0.22542,0.0271012,0.995006,0.0960844,0.137155,0.202101,0.0886812,-0.975344,1.7116,0,0,0,1
133198518179536166,590.042,589.735,-0.979009,0.0463706,-0.198486,-0.225268,0.0276239,0.994981,0.0961971,0.137168,0.201949,0.0886949,-0.975374,1.71149,0,0,0,1
133198518179869364,590.042,589.735,-0.979142,0.0469014,-0.197703,-0.225263,0.0282092,0.994952,0.0963248,0.137074,0.201222,0.0887387,-0.97552,1.71131,0,0,0,1
133198518180202561,590.042,589.735,-0.979349,0.0474082,-0.196555,-0.22524,0.0287615,0.994904,0.0966607,0.137135,0.200134,0.0890113,-0.97572,1.71118,0,0,0,1
133198518180535759,590.042,589.735,-0.979527,0.0478768,-0.195551,-0.225291,0.0292634,0.994857,0.0969893,0.137093,0.199188,0.0892812,-0.975889,1.71097,0,0,0,1
133198518181868550,590.042,589.735,-0.980666,0.0469295,-0.189996,-0.226046,0.0283167,0.994635,0.0995197,0.136727,0.193647,0.0922155,-0.97673,1.70943,0,0,0,1
133198518182201747,590.042,589.735,-0.980856,0.0459206,-0.189259,-0.226165,0.0273505,0.994655,0.0995903,0.136828,0.192819,0.0925075,-0.976867,1.70886,0,0,0,1
133198518182534946,590.042,589.735,-0.981095,0.044061,-0.188462,-0.226313,0.0255728,0.994718,0.0994317,0.136849,0.191847,0.0927325,-0.977037,1.70821,0,0,0,1
133198518182868142,590.042,589.735,-0.98128,0.0432329,-0.187686,-0.226276,0.0250087,0.994834,0.0984034,0.137031,0.19097,0.0918676,-0.97729,1.7076,0,0,0,1
133198518183201340,590.042,589.735,-0.981423,0.0430767,-0.186972,-0.226175,0.0250781,0.994913,0.0975831,0.137025,0.190224,0.0910814,-0.977509,1.70701,0,0,0,1
133198518183534538,590.042,589.735,-0.98157,0.0428225,-0.186258,-0.226007,0.0247859,0.994869,0.0981089,0.136834,0.189503,0.0916842,-0.977593,1.70661,0,0,0,1
133198518183867735,590.042,589.735,-0.981444,0.0440515,-0.186636,-0.225761,0.0260422,0.99486,0.0978696,0.136797,0.189987,0.091193,-0.977545,1.70651,0,0,0,1
133198518184200933,590.042,589.735,-0.981156,0.0441941,-0.188113,-0.225647,0.0260943,0.994883,0.0976298,0.136604,0.191464,0.0908814,-0.977286,1.70668,0,0,0,1
133198518184867327,590.042,589.735,-0.980989,0.042821,-0.189296,-0.226173,0.0242665,0.994766,0.0992722,0.136184,0.192555,0.0927914,-0.976892,1.70793,0,0,0,1
133198518185200526,590.042,589.735,-0.980763,0.0410653,-0.190849,-0.226717,0.0224591,0.994871,0.0986526,0.136056,0.19392,0.0924685,-0.976653,1.70894,0,0,0,1
133198518185533724,590.042,589.735,-0.980852,0.0377486,-0.191074,-0.227593,0.0185852,0.994704,0.101108,0.135785,0.193878,0.0956213,-0.976357,1.71013,0,0,0,1
133198518185866921,590.042,589.735,-0.980773,0.034653,-0.192066,-0.228471,0.0158386,0.994999,0.0986426,0.13608,0.194523,0.0937039,-0.976415,1.71143,0,0,0,1
133198518186200118,590.042,589.735,-0.981025,0.0303331,-0.191512,-0.229323,0.0118871,0.99524,0.0967419,0.136331,0.193535,0.0926296,-0.976714,1.71268,0,0,0,1
133198518186533316,590.042,589.735,-0.981544,0.0286422,-0.189098,-0.229997,0.0100745,0.995095,0.0984315,0.136216,0.190989,0.0947096,-0.977015,1.71382,0,0,0,1
133198518186866514,590.042,589.735,-0.981559,0.0303303,-0.188752,-0.230318,0.0118029,0.995067,0.0985179,0.136101,0.190809,0.0944732,-0.977073,1.71476,0,0,0,1
133198518187532909,590.042,589.735,-0.981937,0.02963,-0.186893,-0.231183,0.0104876,0.99467,0.102594,0.135502,0.188936,0.0987809,-0.977012,1.71597,0,0,0,1
133198518187866106,590.042,589.735,-0.982755,0.0275462,-0.182865,-0.231715,0.00865845,0.994615,0.103294,0.135499,0.184724,0.0999299,-0.9777,1.71618,0,0,0,1
133198518188199303,590.042,589.735,-0.983564,0.0271654,-0.178518,-0.231834,0.00857887,0.994535,0.104074,0.13559,0.180369,0.100832,-0.97842,1.71601,0,0,0,1
133198518188532502,590.042,589.735,-0.984134,0.0291603,-0.175032,-0.231367,0.0109005,0.994479,0.104391,0.135762,0.177109,0.100827,-0.979016,1.71541,0,0,0,1
133198518188865699,590.042,589.735,-0.984257,0.0336376,-0.173531,-0.230381,0.0154606,0.994348,0.105055,0.135929,0.176083,0.100718,-0.979212,1.71442,0,0,0,1
133198518189198897,590.042,589.735,-0.98388,0.0384588,-0.17466,-0.229045,0.0200988,0.994197,0.105696,0.136029,0.17771,0.100482,-0.978942,1.7131,0,0,0,1
133198518189865292,590.042,589.735,-0.983037,0.0439437,-0.178084,-0.226794,0.0253003,0.994084,0.105639,0.136474,0.181671,0.0993416,-0.978332,1.70993,0,0,0,1
133198518190198490,590.042,589.735,-0.982855,0.0452391,-0.17876,-0.226181,0.0267969,0.99419,0.104268,0.136894,0.182437,0.0976903,-0.978355,1.70828,0,0,0,1
133198518190531687,590.042,589.735,-0.982784,0.0462275,-0.178897,-0.225885,0.0280667,0.994314,0.102747,0.137513,0.182628,0.0959574,-0.978491,1.70664,0,0,0,1
133198518190864885,590.042,589.735,-0.982709,0.0479342,-0.17886,-0.225885,0.0305145,0.994631,0.0989041,0.138485,0.18264,0.0917362,-0.978894,1.70499,0,0,0,1
133198518191198082,590.042,589.735,-0.982793,0.0485626,-0.178228,-0.22626,0.0325115,0.995239,0.0919018,0.139817,0.181841,0.084526,-0.979691,1.70338,0,0,0,1
133198518191531280,590.042,589.735,-0.983008,0.0478373,-0.177235,-0.22693,0.0332948,0.995899,0.084138,0.141177,0.180532,0.0768075,-0.980568,1.70195,0,0,0,1
133198518191864478,590.042,589.735,-0.983328,0.0458173,-0.175991,-0.227757,0.032772,0.996546,0.0763313,0.142441,0.178879,0.0692912,-0.981431,1.70079,0,0,0,1
133198518192197675,590.042,589.735,-0.983736,0.0425155,-0.174533,-0.228806,0.0305976,0.99705,0.0704177,0.143367,0.177011,0.0639322,-0.982133,1.69981,0,0,0,1
133198518192530873,590.042,589.735,-0.984187,0.0384334,-0.172926,-0.229804,0.0274296,0.997472,0.0655795,0.144059,0.175009,0.0597993,-0.982752,1.69896,0,0,0,1
133198518192864071,590.042,589.735,-0.984627,0.0346325,-0.171221,-0.2306,0.024341,0.997791,0.0618465,0.144543,0.172984,0.0567281,-0.983293,1.69821,0,0,0,1
133198518193530465,590.042,589.735,-0.985488,0.0299161,-0.167105,-0.231395,0.02019,0.99802,0.0596021,0.14466,0.168557,0.0553634,-0.984139,1.69729,0,0,0,1
133198518193863663,590.042,589.735,-0.985853,0.0292787,-0.165053,-0.231265,0.01953,0.997986,0.060381,0.14441,0.166488,0.0563033,-0.984437,1.69706,0,0,0,1
133198518194196861,590.042,589.735,-0.986125,0.0293335,-0.163413,-0.230776,0.0195053,0.997923,0.0614265,0.144091,0.164874,0.0573867,-0.984647,1.69694,0,0,0,1
133198518194530057,590.042,589.735,-0.986124,0.029908,-0.163312,-0.234689,0.0198139,0.997813,0.0630916,0.142597,0.164841,0.0589806,-0.984558,1.69962,0,0,0,1
133198518194863256,590.042,589.735,-0.985942,0.0313661,-0.164137,-0.233358,0.0206537,0.99757,0.06657,0.142006,0.165825,0.0622443,-0.984191,1.69965,0,0,0,1
133198518195196453,590.042,589.735,-0.985594,0.0330665,-0.165884,-0.231443,0.0217011,0.997321,0.069866,0.14157,0.167749,0.0652599,-0.98367,1.69942,0,0,0,1
133198518195529651,590.042,589.735,-0.985157,0.0352863,-0.168006,-0.22852,0.0233444,0.997094,0.072533,0.141453,0.170076,0.0675347,-0.983117,1.69865,0,0,0,1
133198518195862849,590.042,589.735,-0.984726,0.037862,-0.169961,-0.224207,0.0255253,0.996918,0.0741937,0.141857,0.172245,0.0687223,-0.982656,1.69702,0,0,0,1
133198518196196047,590.042,589.735,-0.984255,0.0401144,-0.17216,-0.222904,0.0277518,0.996901,0.0736246,0.141928,0.174579,0.0676879,-0.982316,1.69699,0,0,0,1
133198518196529244,590.042,589.735,-0.983836,0.0418358,-0.174133,-0.221861,0.0295213,0.996916,0.0727185,0.142063,0.176638,0.0664027,-0.982036,1.697,0,0,0,1
133198518196862441,590.042,589.735,-0.983567,0.0430987,-0.175342,-0.22124,0.0307417,0.996889,0.0725917,0.142105,0.177924,0.0660087,-0.98183,1.6972,0,0,0,1
133198518197195639,590.042,589.735,-0.983511,0.0438468,-0.175468,-0.22099,0.0314232,0.996841,0.0729667,0.14209,0.178112,0.06625,-0.98178,1.69756,0,0,0,1
133198518197528837,590.042,589.735,-0.983566,0.0448397,-0.174909,-0.221024,0.0321998,0.996706,0.0744471,0.141968,0.17767,0.0675919,-0.981769,1.69801,0,0,0,1
133198518197862034,590.042,589.735,-0.983707,0.0460033,-0.173811,-0.221319,0.0332221,0.996575,0.075743,0.14187,0.176699,0.0687349,-0.981864,1.69849,0,0,0,1
133198518198861628,590.042,589.735,-0.984976,0.0461186,-0.166439,-0.223281,0.0341305,0.996661,0.0741834,0.142095,0.169304,0.0673885,-0.98326,1.70035,0,0,0,1
133198518199861220,590.042,589.735,-0.986638,0.0440551,-0.156875,-0.225472,0.0326499,0.996684,0.0745532,0.142119,0.159639,0.0684353,-0.984803,1.70314,0,0,0,1
133198518200194417,590.042,589.735,-0.987103,0.0438995,-0.153969,-0.226038,0.0325557,0.99662,0.0754408,0.141982,0.15676,0.0694555,-0.985194,1.70422,0,0,0,1
133198518200527615,590.042,589.735,-0.987494,0.0433546,-0.151597,-0.226432,0.0320969,0.996597,0.0759364,0.141983,0.154372,0.0701212,-0.985524,1.70533,0,0,0,1
133198518200860813,590.042,589.735,-0.987712,0.0424909,-0.150418,-0.22666,0.0312877,0.996612,0.0760798,0.141973,0.153141,0.070439,-0.985693,1.70647,0,0,0,1
133198518201194010,590.042,589.735,-0.987699,0.0420321,-0.150629,-0.226735,0.0306679,0.996561,0.0769909,0.141892,0.153346,0.0714246,-0.98559,1.70762,0,0,0,1
133198518201527208,590.042,589.735,-0.987594,0.0418801,-0.151359,-0.226681,0.0303012,0.996493,0.0780127,0.141785,0.154095,0.0724587,-0.985398,1.7088,0,0,0,1
133198518202193603,590.042,589.735,-0.987554,0.0427934,-0.15137,-0.226442,0.0309494,0.996335,0.0797549,0.141567,0.154228,0.0740777,-0.985257,1.71131,0,0,0,1
133198518202526801,590.042,589.735,-0.987635,0.0439198,-0.150513,-0.226301,0.0319399,0.996195,0.0811082,0.14141,0.153502,0.0752982,-0.985278,1.71258,0,0,0,1
