133198518094667862,-0.0821254,0.981784,0.171335,-0.179893,-0.992767,-0.0654837,-0.100625,0.140006,-0.087572,-0.17836,0.980061,1.68921,0,0,0,1
133198518094998579,-0.0817176,0.981703,0.171992,-0.180155,-0.99278,-0.0649753,-0.100826,0.139916,-0.087806,-0.178989,0.979925,1.68942,0,0,0,1
133198518095328962,-0.0811378,0.981613,0.17278,-0.180301,-0.992781,-0.0642331,-0.101286,0.139858,-0.0883253,-0.179751,0.979739,1.68968,0,0,0,1
133198518095659553,-0.0812138,0.981495,0.173415,-0.180309,-0.992703,-0.064095,-0.102138,0.139733,-0.0891333,-0.180444,0.979538,1.68998,0,0,0,1
133198518095994090,-0.0818524,0.981311,0.174151,-0.18012,-0.99259,-0.0645201,-0.102965,0.139574,-0.0898049,-0.181288,0.979321,1.69034,0,0,0,1
133198518096317489,-0.0830182,0.980937,0.175701,-0.179784,-0.992443,-0.0653939,-0.103832,0.139404,-0.0903629,-0.182993,0.978953,1.69052,0,0,0,1
133198518096648254,-0.084569,0.980364,0.178141,-0.17934,-0.992255,-0.0665354,-0.10489,0.139172,-0.0909772,-0.185632,0.978399,1.69066,0,0,0,1
133198518098292857,-0.0895526,0.978481,0.18589,-0.177603,-0.991783,-0.0704893,-0.106754,0.138959,-0.0913535,-0.193922,0.976754,1.69125,0,0,0,1
133198518106783438,-0.0817267,0.977981,0.192024,-0.172135,-0.991339,-0.0598944,-0.116877,0.137832,-0.102802,-0.199913,0.974406,1.70869,0,0,0,1
133198518107114962,-0.0799459,0.978185,0.191734,-0.171784,-0.991539,-0.0583035,-0.115983,0.137999,-0.102274,-0.199384,0.97457,1.70945,0,0,0,1
133198518107446669,-0.0779912,0.978503,0.190916,-0.17146,-0.991662,-0.0564355,-0.115855,0.138077,-0.10259,-0.19836,0.974745,1.71021,0,0,0,1
133198518107774992,-0.0767353,0.978875,0.189513,-0.170986,-0.991679,-0.0552255,-0.116287,0.138084,-0.103365,-0.196859,0.974968,1.71094,0,0,0,1
133198518108106618,-0.0764095,0.979258,0.187658,-0.170325,-0.991514,-0.0547719,-0.117902,0.137958,-0.105178,-0.195074,0.975133,1.71155,0,0,0,1
133198518108433724,-0.0772134,0.979515,0.185982,-0.169765,-0.991246,-0.0553825,-0.119848,0.137676,-0.107093,-0.193608,0.975217,1.71196,0,0,0,1
133198518108765385,-0.0782126,0.979572,0.185264,-0.169169,-0.991043,-0.0562195,-0.121131,0.137502,-0.108241,-0.193078,0.975195,1.71221,0,0,0,1
133198518110087020,-0.076002,0.97959,0.186085,-0.166564,-0.990755,-0.0531576,-0.124818,0.137415,-0.112379,-0.193851,0.974573,1.71144,0,0,0,1
133198518110412810,-0.0781096,0.979098,0.187795,-0.165843,-0.990722,-0.0552182,-0.124183,0.137404,-0.111218,-0.195752,0.974326,1.71086,0,0,0,1
133198518110742499,-0.0790482,0.978563,0.190173,-0.165077,-0.990819,-0.0561366,-0.122989,0.137523,-0.109677,-0.198149,0.974016,1.71019,0,0,0,1
133198518111075600,-0.0785208,0.978217,0.192163,-0.164559,-0.990911,-0.0554652,-0.122553,0.137584,-0.109225,-0.20004,0.973681,1.7095,0,0,0,1
133198518111403113,-0.0783902,0.977957,0.193532,-0.164248,-0.99092,-0.0551634,-0.12262,0.1375,-0.109242,-0.201387,0.973401,1.70885,0,0,0,1
133198518111747498,-0.0772831,0.978142,0.193042,-0.164245,-0.990946,-0.0540392,-0.122903,0.137434,-0.109785,-0.200792,0.973463,1.70819,0,0,0,1
133198518112067644,-0.0761461,0.978558,0.191379,-0.164499,-0.990992,-0.0530665,-0.122958,0.137332,-0.110165,-0.199018,0.973784,1.70765,0,0,0,1
133198518112400188,-0.0746944,0.979082,0.189257,-0.164909,-0.991067,-0.0518576,-0.122871,0.137257,-0.110486,-0.196745,0.97421,1.70718,0,0,0,1
133198518112722636,-0.0724173,0.979782,0.186502,-0.165385,-0.99098,-0.0495441,-0.124512,0.136997,-0.112755,-0.193837,0.974533,1.70673,0,0,0,1
133198518113052597,-0.0706936,0.980627,0.182682,-0.165775,-0.99067,-0.0476314,-0.127683,0.136615,-0.116508,-0.190004,0.974846,1.70637,0,0,0,1
133198518113382137,-0.0710399,0.981318,0.1788,-0.16591,-0.990197,-0.0477667,-0.13126,0.136164,-0.120267,-0.186372,0.975091,1.70589,0,0,0,1
133198518113712711,-0.0724779,0.9818,0.175547,-0.165893,-0.989935,-0.049363,-0.132636,0.135957,-0.121557,-0.183394,0.975495,1.70536,0,0,0,1
133198518114047608,-0.0735068,0.982088,0.173496,-0.165618,-0.990187,-0.0511367,-0.130059,0.136156,-0.118858,-0.181353,0.976209,1.70487,0,0,0,1
133198518114374728,-0.074563,0.982043,0.173298,-0.165168,-0.990243,-0.0523994,-0.129125,0.136152,-0.117725,-0.181235,0.976368,1.70439,0,0,0,1
133198518114704886,-0.0755126,0.981793,0.174301,-0.164715,-0.990019,-0.052958,-0.130608,0.135889,-0.119,-0.182423,0.975992,1.70382,0,0,0,1
133198518115032691,-0.076255,0.981659,0.174732,-0.164366,-0.98975,-0.0533009,-0.132489,0.135612,-0.120746,-0.183044,0.975662,1.70328,0,0,0,1
133198518115362555,-0.0765575,0.981716,0.17428,-0.164213,-0.989481,-0.0532873,-0.134492,0.135377,-0.122746,-0.182743,0.975468,1.70278,0,0,0,1
133198518117680293,-0.078786,0.979894,0.183304,-0.162917,-0.989746,-0.0549108,-0.131865,0.136054,-0.119148,-0.191814,0.974172,1.69857,0,0,0,1
133198518118002858,-0.0791644,0.979811,0.183587,-0.15992,-0.989846,-0.0554523,-0.130879,0.135459,-0.118056,-0.192084,0.974252,1.70014,0,0,0,1
133198518118332730,-0.0789976,0.979709,0.184198,-0.160126,-0.989957,-0.0553671,-0.13008,0.135565,-0.117242,-0.192624,0.974243,1.6996,0,0,0,1
133198518118662373,-0.0783938,0.979642,0.184815,-0.160349,-0.990094,-0.054847,-0.129248,0.135792,-0.11648,-0.193117,0.974237,1.69913,0,0,0,1
133198518118992568,-0.0780071,0.979601,0.185194,-0.160817,-0.990291,-0.0546991,-0.127793,0.136038,-0.115056,-0.193365,0.974357,1.69867,0,0,0,1
133198518119357333,-0.0780061,0.97953,0.185569,-0.161506,-0.990396,-0.0548254,-0.126927,0.136299,-0.114155,-0.193688,0.974399,1.69817,0,0,0,1
133198518119652578,-0.0781962,0.979393,0.186214,-0.162492,-0.990351,-0.0548756,-0.127256,0.13645,-0.114415,-0.194368,0.974233,1.69755,0,0,0,1
133198518120314248,-0.0781093,0.97876,0.189546,-0.164229,-0.990233,-0.054144,-0.128477,0.136582,-0.115486,-0.19773,0.97343,1.69637,0,0,0,1
133198518120642452,-0.0777876,0.978349,0.191786,-0.164284,-0.990228,-0.0534846,-0.128794,0.136536,-0.115748,-0.19993,0.972949,1.69627,0,0,0,1
133198518120976475,-0.0772641,0.978024,0.19365,-0.164283,-0.990242,-0.0526842,-0.129015,0.136564,-0.115977,-0.201728,0.972551,1.69622,0,0,0,1
133198518121303039,-0.0768933,0.977835,0.194747,-0.164318,-0.990258,-0.0521562,-0.129111,0.136548,-0.116092,-0.202777,0.972319,1.69629,0,0,0,1
133198518121633443,-0.0772005,0.977653,0.195538,-0.164265,-0.990191,-0.0522747,-0.129574,0.136342,-0.116457,-0.203623,0.972098,1.69635,0,0,0,1
133198518121964193,-0.0779732,0.977419,0.1964,-0.164083,-0.990007,-0.0526941,-0.130804,0.136116,-0.117501,-0.204637,0.97176,1.69643,0,0,0,1
133198518122294710,-0.0789576,0.977091,0.197632,-0.163872,-0.989907,-0.0534446,-0.131256,0.135865,-0.117687,-0.206001,0.971449,1.69649,0,0,0,1
133198518122954831,-0.0819329,0.976051,0.201525,-0.16315,-0.989718,-0.0558976,-0.131654,0.135527,-0.117236,-0.21024,0.970595,1.6965,0,0,0,1
133198518123282037,-0.0834975,0.975353,0.204242,-0.162836,-0.989675,-0.0572033,-0.131422,0.135376,-0.1165,-0.213106,0.970059,1.69641,0,0,0,1
133198518123612266,-0.0846984,0.974639,0.207134,-0.162574,-0.989664,-0.0581449,-0.131087,0.135343,-0.115719,-0.216096,0.96949,1.69634,0,0,0,1
133198518123946984,-0.0850186,0.974026,0.209868,-0.162565,-0.989746,-0.0582933,-0.130404,0.135375,-0.114783,-0.218803,0.968994,1.69635,0,0,0,1
133198518124274096,-0.0850494,0.973605,0.211802,-0.162736,-0.989861,-0.0582918,-0.129526,0.135509,-0.113761,-0.220671,0.968691,1.6964,0,0,0,1
133198518124602427,-0.0847516,0.973535,0.212242,-0.16323,-0.98996,-0.0580877,-0.128863,0.135616,-0.113124,-0.221032,0.968683,1.69665,0,0,0,1
133198518124933725,-0.0840632,0.973788,0.211352,-0.163948,-0.989995,-0.0574946,-0.128858,0.135678,-0.113329,-0.22007,0.968879,1.69708,0,0,0,1
133198518125264735,-0.0829604,0.974092,0.210389,-0.16479,-0.990086,-0.0565513,-0.128579,0.135768,-0.11335,-0.21897,0.969125,1.6975,0,0,0,1
133198518125600455,-0.0816852,0.974367,0.209611,-0.165604,-0.990097,-0.0552399,-0.12906,0.135883,-0.114173,-0.218077,0.96923,1.69794,0,0,0,1
133198518125926182,-0.0801085,0.974453,0.209819,-0.16649,-0.990247,-0.0537274,-0.12855,0.135921,-0.113993,-0.218071,0.969253,1.69825,0,0,0,1
133198518126270408,-0.0777014,0.974504,0.210487,-0.167334,-0.990477,-0.0513866,-0.127728,0.1362,-0.113655,-0.218407,0.969217,1.69858,0,0,0,1
133198518126583412,-0.0755281,0.974522,0.211194,-0.168157,-0.99072,-0.0493373,-0.126647,0.136379,-0.113,-0.218799,0.969205,1.69888,0,0,0,1
133198518127243681,-0.0723102,0.974752,0.211257,-0.169644,-0.990965,-0.0462264,-0.125901,0.136693,-0.112957,-0.218453,0.969288,1.6996,0,0,0,1
133198518127588327,-0.0714672,0.974964,0.210564,-0.170286,-0.990927,-0.0453093,-0.126535,0.136609,-0.113827,-0.217696,0.969356,1.69996,0,0,0,1
133198518127926817,-0.0708941,0.975299,0.209203,-0.170857,-0.990867,-0.0447398,-0.127206,0.136536,-0.114704,-0.216311,0.969563,1.70037,0,0,0,1
133198518128235353,-0.0705814,0.975694,0.207459,-0.171353,-0.99079,-0.0444795,-0.127895,0.136448,-0.115559,-0.214576,0.969847,1.70083,0,0,0,1
133198518128562249,-0.0701215,0.976205,0.205202,-0.171943,-0.990691,-0.0440899,-0.12879,0.136279,-0.116678,-0.212322,0.970209,1.70133,0,0,0,1
133198518128893703,-0.0699615,0.976648,0.203134,-0.172412,-0.990544,-0.0439245,-0.12997,0.136143,-0.118013,-0.210306,0.970487,1.70176,0,0,0,1
133198518129889247,-0.0694755,0.977437,0.199471,-0.173188,-0.990248,-0.0433688,-0.132389,0.135758,-0.120751,-0.206724,0.970919,1.70196,0,0,0,1
133198518130223816,-0.06917,0.977521,0.199171,-0.17331,-0.990284,-0.0431378,-0.132198,0.135796,-0.120634,-0.20638,0.971007,1.70169,0,0,0,1
133198518130543273,-0.0690675,0.977485,0.19938,-0.173296,-0.990341,-0.0430963,-0.13178,0.135909,-0.120221,-0.206556,0.971021,1.70127,0,0,0,1
133198518130872016,-0.0691071,0.977312,0.200214,-0.173309,-0.990452,-0.043218,-0.130909,0.136002,-0.119286,-0.207349,0.970967,1.7007,0,0,0,1
133198518131215942,-0.0694193,0.976989,0.201678,-0.173212,-0.99063,-0.043676,-0.129403,0.136124,-0.117617,-0.208771,0.970866,1.69993,0,0,0,1
133198518131533430,-0.0698808,0.976638,0.203211,-0.173098,-0.99073,-0.0441577,-0.128472,0.136256,-0.116497,-0.210305,0.97067,1.69918,0,0,0,1
133198518131862269,-0.0704873,0.976347,0.204396,-0.172991,-0.990809,-0.0448132,-0.127626,0.136385,-0.115448,-0.211513,0.970533,1.69841,0,0,0,1
133198518132529250,-0.0706544,0.976165,0.205207,-0.173219,-0.991017,-0.0452764,-0.125837,0.136658,-0.113546,-0.212254,0.970595,1.69684,0,0,0,1
133198518132855864,-0.070569,0.976228,0.204938,-0.173483,-0.991112,-0.0453938,-0.125047,0.136738,-0.112772,-0.211941,0.970754,1.69608,0,0,0,1
133198518133183639,-0.0705436,0.976323,0.204491,-0.17363,-0.991241,-0.0456662,-0.123921,0.137016,-0.111648,-0.211442,0.970993,1.6953,0,0,0,1
133198518133516723,-0.0708147,0.976303,0.204493,-0.173804,-0.991338,-0.0461501,-0.122962,0.137245,-0.110611,-0.211429,0.971114,1.69436,0,0,0,1
133198518133842404,-0.0710125,0.976145,0.205179,-0.173981,-0.991466,-0.0465297,-0.121781,0.137399,-0.109329,-0.212076,0.971119,1.69337,0,0,0,1
133198518134182374,-0.0703245,0.976095,0.205654,-0.174224,-0.991578,-0.0459269,-0.121093,0.137714,-0.108753,-0.212438,0.971104,1.6924,0,0,0,1
133198518134502669,-0.0699767,0.976229,0.205133,-0.174594,-0.991651,-0.0457479,-0.120566,0.137865,-0.108316,-0.211857,0.97128,1.69155,0,0,0,1
133198518135161893,-0.0699942,0.976819,0.202303,-0.175543,-0.991662,-0.0461395,-0.120319,0.138008,-0.108196,-0.209038,0.971904,1.69005,0,0,0,1
133198518135831473,-0.0696311,0.976987,0.201613,-0.176228,-0.99143,-0.04538,-0.122505,0.138081,-0.110537,-0.208415,0.971774,1.68865,0,0,0,1
133198518136164186,-0.0695873,0.97674,0.202822,-0.176507,-0.991442,-0.0452025,-0.122476,0.138101,-0.110459,-0.209609,0.971526,1.68795,0,0,0,1
133198518137142005,-0.0704787,0.975995,0.206075,-0.176533,-0.99146,-0.0458153,-0.122098,0.138602,-0.109726,-0.21292,0.970889,1.68633,0,0,0,1
133198518137475426,-0.0711871,0.975684,0.207297,-0.176434,-0.991518,-0.0465617,-0.121342,0.138846,-0.108739,-0.214177,0.970723,1.68588,0,0,0,1
133198518137803470,-0.071759,0.975212,0.209316,-0.17625,-0.991611,-0.0471326,-0.120358,0.139052,-0.107509,-0.216196,0.970413,1.68539,0,0,0,1
133198518138149848,-0.0722544,0.974546,0.212224,-0.175949,-0.991748,-0.0476083,-0.119034,0.139352,-0.1059,-0.219073,0.969944,1.68488,0,0,0,1
133198518138463183,-0.0728703,0.973853,0.215173,-0.175605,-0.991901,-0.0482622,-0.117486,0.139684,-0.104029,-0.221991,0.969483,1.68442,0,0,0,1
133198518139132360,-0.0739822,0.972564,0.220557,-0.175231,-0.992189,-0.0495089,-0.1145,0.140332,-0.100439,-0.227305,0.96863,1.68353,0,0,0,1
133198518141433379,-0.0725172,0.971909,0.223908,-0.176878,-0.993669,-0.0510898,-0.100057,0.142862,-0.0858064,-0.229747,0.969461,1.6813,0,0,0,1
133198518141765208,-0.0714848,0.971739,0.224976,-0.177415,-0.993757,-0.0500165,-0.0997243,0.143007,-0.0856534,-0.2307,0.969248,1.68132,0,0,0,1
133198518142097542,-0.0706758,0.971714,0.225335,-0.178024,-0.993763,-0.049058,-0.100138,0.142935,-0.0862513,-0.231007,0.969121,1.68149,0,0,0,1
133198518142422845,-0.0706474,0.971838,0.22481,-0.178696,-0.993607,-0.0486652,-0.101868,0.142633,-0.0880592,-0.23057,0.969063,1.68172,0,0,0,1
133198518144401948,-0.0693332,0.97433,0.214183,-0.182352,-0.992959,-0.0467308,-0.10885,0.141286,-0.096047,-0.220222,0.97071,1.68233,0,0,0,1
133198518144734039,-0.0689207,0.974597,0.213096,-0.182624,-0.993113,-0.0467404,-0.107431,0.141463,-0.0947414,-0.219032,0.971107,1.68218,0,0,0,1
133198518145062014,-0.0685513,0.974673,0.212871,-0.182811,-0.993244,-0.0466516,-0.106253,0.141602,-0.0936311,-0.218716,0.971286,1.6821,0,0,0,1
133198518145391988,-0.0682302,0.97458,0.213399,-0.182877,-0.993323,-0.0464147,-0.105622,0.141723,-0.0930322,-0.219181,0.971239,1.68211,0,0,0,1
133198518145722290,-0.068208,0.974413,0.214166,-0.182814,-0.993363,-0.0464034,-0.105242,0.141722,-0.0926109,-0.219923,0.971111,1.68216,0,0,0,1
133198518146066181,-0.0687343,0.974284,0.214583,-0.182753,-0.993293,-0.0467876,-0.105735,0.141646,-0.0929758,-0.220411,0.970966,1.68241,0,0,0,1
133198518146441611,-0.0695106,0.974211,0.214664,-0.182719,-0.993148,-0.0473151,-0.106862,0.141417,-0.0939491,-0.220621,0.970824,1.68272,0,0,0,1
133198518146711562,-0.0698611,0.974214,0.214538,-0.182717,-0.993007,-0.0473976,-0.108125,0.141185,-0.0951688,-0.220591,0.970712,1.68296,0,0,0,1
133198518147042049,-0.0698891,0.974307,0.214107,-0.182718,-0.99292,-0.0472776,-0.108971,0.141047,-0.0960485,-0.220207,0.970713,1.68328,0,0,0,1
133198518147371822,-0.0697398,0.974411,0.213684,-0.182722,-0.992919,-0.0471545,-0.109031,0.140982,-0.0961648,-0.219774,0.970799,1.68356,0,0,0,1
133198518147702422,-0.0695599,0.974427,0.213667,-0.182707,-0.99292,-0.0469551,-0.10911,0.140941,-0.0962867,-0.219744,0.970794,1.68383,0,0,0,1
133198518148036273,-0.0696689,0.974379,0.21385,-0.182611,-0.992897,-0.0470048,-0.109299,0.140867,-0.0964463,-0.219946,0.970733,1.68406,0,0,0,1
133198518150673141,-0.0725707,0.974666,0.211563,-0.180717,-0.992585,-0.0498397,-0.110868,0.140375,-0.0975149,-0.21804,0.971056,1.68678,0,0,0,1
133198518153975242,-0.0745502,0.973886,0.214447,-0.178771,-0.992054,-0.0505745,-0.115199,0.139487,-0.101345,-0.221331,0.969919,1.69078,0,0,0,1
133198518156283304,-0.0761309,0.974135,0.212756,-0.178955,-0.991854,-0.0521327,-0.11622,0.139055,-0.102122,-0.219871,0.970169,1.69155,0,0,0,1
133198518156943303,-0.0768713,0.974002,0.213098,-0.178944,-0.991987,-0.0532218,-0.114582,0.139066,-0.100261,-0.220199,0.970289,1.69107,0,0,0,1
133198518157274413,-0.076894,0.973941,0.213368,-0.178777,-0.99202,-0.0532889,-0.114263,0.139182,-0.0999156,-0.220452,0.970267,1.69083,0,0,0,1
133198518157602890,-0.0771914,0.973913,0.213388,-0.178689,-0.992006,-0.0535949,-0.11424,0.139154,-0.0998238,-0.220501,0.970265,1.69058,0,0,0,1
133198518157933476,-0.0782346,0.973861,0.213244,-0.17851,-0.991963,-0.0547074,-0.114087,0.139103,-0.0994394,-0.220455,0.970315,1.69031,0,0,0,1
133198518158264568,-0.079154,0.973858,0.212923,-0.178364,-0.991897,-0.0556493,-0.114211,0.139031,-0.0993763,-0.220238,0.970371,1.69006,0,0,0,1
133198518158592058,-0.0797577,0.973874,0.21262,-0.178234,-0.991814,-0.0561931,-0.114664,0.138897,-0.0997203,-0.220025,0.970384,1.68981,0,0,0,1
133198518159253045,-0.0804666,0.973914,0.212171,-0.17813,-0.991714,-0.0568388,-0.115208,0.138703,-0.100143,-0.219683,0.970418,1.68929,0,0,0,1
133198518159588781,-0.0801466,0.973918,0.212275,-0.178131,-0.991747,-0.0565321,-0.115074,0.138739,-0.100072,-0.219746,0.970411,1.68901,0,0,0,1
133198518159912725,-0.079762,0.973941,0.212314,-0.178208,-0.991773,-0.056145,-0.115037,0.138716,-0.100119,-0.219743,0.970407,1.68877,0,0,0,1
133198518160245256,-0.0797311,0.973955,0.212258,-0.178294,-0.991759,-0.0560842,-0.115192,0.138699,-0.100288,-0.219694,0.9704,1.68853,0,0,0,1
133198518160577141,-0.0798481,0.973939,0.21229,-0.178314,-0.991716,-0.0561208,-0.115542,0.138624,-0.100617,-0.219757,0.970352,1.68828,0,0,0,1
133198518161950837,-0.0802181,0.973163,0.215682,-0.178014,-0.991705,-0.0561182,-0.115636,0.138459,-0.100429,-0.223169,0.969593,1.68697,0,0,0,1
133198518162216461,-0.0800915,0.973042,0.216275,-0.177903,-0.99174,-0.05598,-0.115404,0.138505,-0.100186,-0.223732,0.969488,1.6867,0,0,0,1
133198518162844451,-0.0794939,0.972804,0.217561,-0.177757,-0.991809,-0.0552956,-0.115144,0.138558,-0.0999828,-0.224932,0.969231,1.68614,0,0,0,1
133198518163116176,-0.0793643,0.972745,0.217872,-0.177605,-0.991833,-0.0551656,-0.114994,0.138655,-0.0998409,-0.225219,0.969179,1.68594,0,0,0,1
133198518163450286,-0.0792835,0.972725,0.217991,-0.177288,-0.991832,-0.0550559,-0.115058,0.138801,-0.0999186,-0.225333,0.969145,1.68575,0,0,0,1
133198518163776223,-0.079326,0.972745,0.217885,-0.177254,-0.991807,-0.0550601,-0.115275,0.138766,-0.100136,-0.225244,0.969143,1.68566,0,0,0,1
133198518164157943,-0.0796722,0.972769,0.217651,-0.177252,-0.991751,-0.0553598,-0.11561,0.138675,-0.100412,-0.225067,0.969155,1.68563,0,0,0,1
133198518165427040,-0.0790355,0.972922,0.217199,-0.17722,-0.991787,-0.0547656,-0.11558,0.138759,-0.100555,-0.22455,0.969261,1.68556,0,0,0,1
133198518166747371,-0.0797492,0.973101,0.216137,-0.177317,-0.991796,-0.0557281,-0.115047,0.138662,-0.0999077,-0.223538,0.969561,1.68577,0,0,0,1
133198518167077293,-0.0797745,0.972982,0.216664,-0.177321,-0.991784,-0.055669,-0.115175,0.13863,-0.100001,-0.224072,0.969428,1.68582,0,0,0,1
133198518167736982,-0.0793755,0.972987,0.216784,-0.177614,-0.991849,-0.0553416,-0.114777,0.138635,-0.0996794,-0.224128,0.969449,1.68609,0,0,0,1
133198518168082137,-0.0787728,0.973154,0.216253,-0.17788,-0.991871,-0.0547642,-0.114858,0.138606,-0.0999321,-0.223542,0.969558,1.6863,0,0,0,1
133198518170397623,-0.0761819,0.973451,0.215846,-0.179139,-0.992029,-0.0522053,-0.114689,0.138797,-0.100376,-0.222863,0.969668,1.68787,0,0,0,1
133198518170707464,-0.0760626,0.973339,0.216392,-0.179223,-0.992032,-0.0520113,-0.114754,0.138738,-0.10044,-0.223396,0.969539,1.68806,0,0,0,1
133198518171037372,-0.0757864,0.973233,0.216969,-0.179343,-0.992006,-0.0515717,-0.115174,0.138685,-0.100902,-0.223963,0.96936,1.68825,0,0,0,1
133198518171378043,-0.0755533,0.973182,0.217274,-0.179497,-0.991992,-0.05124,-0.115441,0.138623,-0.101212,-0.224256,0.96926,1.68844,0,0,0,1
133198518171699089,-0.0753615,0.973218,0.217179,-0.179649,-0.991989,-0.0510266,-0.115563,0.138654,-0.101386,-0.224148,0.969267,1.68859,0,0,0,1
133198518172033603,-0.0749573,0.973306,0.216925,-0.179767,-0.992018,-0.0506624,-0.115473,0.138768,-0.101401,-0.223849,0.969335,1.68873,0,0,0,1
133198518172359367,-0.0746832,0.973342,0.216858,-0.179917,-0.992059,-0.0504516,-0.115207,0.138735,-0.101195,-0.22374,0.969381,1.68881,0,0,0,1
133198518172783019,-0.0744332,0.973424,0.216576,-0.179993,-0.992095,-0.050279,-0.11498,0.13873,-0.101035,-0.223423,0.969471,1.68898,0,0,0,1
133198518173415914,-0.0747973,0.973571,0.21579,-0.180025,-0.992099,-0.0507946,-0.114714,0.138747,-0.100721,-0.222665,0.969678,1.68927,0,0,0,1
133198518173736157,-0.074389,0.973723,0.215242,-0.179998,-0.992079,-0.0503528,-0.11508,0.138824,-0.101218,-0.222098,0.969756,1.6895,0,0,0,1
133198518174074761,-0.0738987,0.973913,0.214553,-0.180013,-0.992119,-0.0499678,-0.1149,0.138888,-0.101182,-0.221353,0.96993,1.68971,0,0,0,1
133198518174401118,-0.0739782,0.974018,0.214046,-0.179944,-0.992122,-0.0501239,-0.114806,0.138913,-0.101095,-0.220853,0.970054,1.68989,0,0,0,1
133198518174728332,-0.0743365,0.974043,0.213809,-0.179775,-0.992085,-0.0504745,-0.11498,0.138927,-0.101204,-0.220664,0.970085,1.69003,0,0,0,1
133198518175059279,-0.0748299,0.973951,0.214054,-0.179644,-0.992031,-0.0508884,-0.115255,0.138826,-0.10136,-0.220973,0.969999,1.69016,0,0,0,1
133198518176707506,-0.0753113,0.973381,0.216466,-0.179052,-0.991985,-0.051046,-0.115587,0.138794,-0.10146,-0.223436,0.969424,1.69047,0,0,0,1
133198518177037832,-0.0751709,0.973402,0.216419,-0.179041,-0.992002,-0.0509295,-0.115492,0.138832,-0.101398,-0.22337,0.969445,1.69054,0,0,0,1
133198518177371431,-0.0748508,0.973427,0.216418,-0.179039,-0.992009,-0.0505823,-0.115584,0.138808,-0.101566,-0.22334,0.969435,1.69059,0,0,0,1
133198518177697854,-0.0746636,0.973458,0.216346,-0.178991,-0.992009,-0.0503792,-0.115671,0.138877,-0.101701,-0.223254,0.96944,1.69061,0,0,0,1
133198518178042887,-0.0746802,0.973516,0.216079,-0.178948,-0.992038,-0.0504931,-0.115374,0.138879,-0.101408,-0.222974,0.969535,1.69061,0,0,0,1
133198518178358451,-0.0749257,0.973557,0.215809,-0.178815,-0.992035,-0.0507962,-0.115268,0.1389,-0.101258,-0.222727,0.969608,1.69059,0,0,0,1
133198518178689962,-0.0755017,0.973537,0.215699,-0.17869,-0.992003,-0.0513934,-0.115274,0.138838,-0.101138,-0.222678,0.969632,1.6905,0,0,0,1
133198518179017522,-0.0759488,0.973487,0.215767,-0.178508,-0.99198,-0.0518425,-0.115272,0.138827,-0.10103,-0.222791,0.969617,1.69038,0,0,0,1
133198518179351754,-0.0763477,0.973459,0.215755,-0.178321,-0.991948,-0.0522261,-0.115376,0.138821,-0.101046,-0.222826,0.969607,1.69028,0,0,0,1
133198518179678043,-0.0769113,0.973509,0.215324,-0.178257,-0.991905,-0.0528228,-0.115478,0.13871,-0.101045,-0.222462,0.969691,1.69013,0,0,0,1
133198518180014569,-0.0774012,0.973697,0.214297,-0.178179,-0.991847,-0.0533773,-0.115713,0.138757,-0.101231,-0.221506,0.96989,1.69006,0,0,0,1
133198518180338243,-0.0778755,0.973902,0.213191,-0.178197,-0.991776,-0.0538936,-0.116084,0.138701,-0.101564,-0.220478,0.97009,1.68993,0,0,0,1
133198518181660867,-0.0775527,0.975058,0.20796,-0.178746,-0.991536,-0.0536468,-0.118232,0.138384,-0.104126,-0.215369,0.970965,1.68885,0,0,0,1
133198518181991940,-0.0768334,0.975368,0.206771,-0.178888,-0.991487,-0.0528781,-0.118989,0.138454,-0.105125,-0.214153,0.971127,1.6884,0,0,0,1
133198518182320526,-0.0754535,0.975604,0.206163,-0.179043,-0.991579,-0.0515878,-0.118784,0.13851,-0.105251,-0.21339,0.971281,1.68782,0,0,0,1
133198518182978088,-0.0734363,0.976073,0.204667,-0.179013,-0.99184,-0.0500349,-0.117261,0.138836,-0.104214,-0.211608,0.971783,1.68665,0,0,0,1
133198518183308845,-0.0730184,0.976265,0.203897,-0.178842,-0.991907,-0.049796,-0.116791,0.138769,-0.103866,-0.210775,0.972001,1.68616,0,0,0,1
133198518183637956,-0.0731877,0.976357,0.203398,-0.17865,-0.991823,-0.0498751,-0.11747,0.138622,-0.104549,-0.210333,0.972024,1.68589,0,0,0,1
133198518183968400,-0.0745449,0.976075,0.204256,-0.178428,-0.991831,-0.0513102,-0.116782,0.138471,-0.103507,-0.211293,0.971927,1.68581,0,0,0,1
133198518184303305,-0.0739897,0.975845,0.205555,-0.178445,-0.991803,-0.0504727,-0.117388,0.138257,-0.104177,-0.212555,0.97158,1.686,0,0,0,1
133198518184627565,-0.0731078,0.975883,0.205688,-0.178689,-0.991672,-0.0492038,-0.119024,0.138071,-0.106033,-0.212677,0.971353,1.68657,0,0,0,1
133198518184959800,-0.072785,0.97563,0.206999,-0.179093,-0.991819,-0.0489827,-0.117878,0.13799,-0.104866,-0.213885,0.971214,1.68734,0,0,0,1
133198518185287417,-0.0704097,0.97554,0.208243,-0.179724,-0.991885,-0.0463151,-0.118401,0.137943,-0.10586,-0.214889,0.970884,1.68834,0,0,0,1
133198518185948917,-0.0638903,0.975703,0.209577,-0.181527,-0.992356,-0.0398972,-0.116779,0.138448,-0.10558,-0.215436,0.970794,1.69082,0,0,0,1
133198518186286683,-0.0595893,0.97624,0.208338,-0.182342,-0.992603,-0.0358331,-0.115998,0.138808,-0.105777,-0.213709,0.971154,1.69216,0,0,0,1
133198518186607578,-0.0591832,0.976696,0.206309,-0.182875,-0.99244,-0.0353075,-0.117547,0.138699,-0.107523,-0.211706,0.971401,1.69333,0,0,0,1
133198518186943146,-0.060805,0.976618,0.206202,-0.183166,-0.992367,-0.0369444,-0.117653,0.138487,-0.107284,-0.211782,0.971411,1.69423,0,0,0,1
133198518187930989,-0.0573225,0.97822,0.1995,-0.184423,-0.99194,-0.0331883,-0.122281,0.138189,-0.112997,-0.204901,0.972238,1.69582,0,0,0,1
133198518188601672,-0.0598458,0.979573,0.19198,-0.183682,-0.991691,-0.036405,-0.123384,0.138316,-0.113875,-0.197769,0.973612,1.6952,0,0,0,1
133198518188918007,-0.0644666,0.979467,0.191017,-0.182638,-0.99141,-0.0410335,-0.124187,0.138234,-0.113799,-0.197382,0.973699,1.69422,0,0,0,1
133198518189255950,-0.069105,0.978904,0.192279,-0.181304,-0.991129,-0.0454365,-0.124891,0.138121,-0.11352,-0.199204,0.973361,1.69274,0,0,0,1
133198518189578626,-0.0719188,0.978375,0.19393,-0.180136,-0.990974,-0.0480386,-0.125148,0.13819,-0.113125,-0.201181,0.973,1.69113,0,0,0,1
133198518189907105,-0.0742145,0.977902,0.195446,-0.179251,-0.990924,-0.0502867,-0.124665,0.138347,-0.112082,-0.202924,0.972759,1.68944,0,0,0,1
133198518190238458,-0.0753739,0.977708,0.195973,-0.178698,-0.991015,-0.0516715,-0.123369,0.138692,-0.110493,-0.203511,0.972818,1.68776,0,0,0,1
133198518190901597,-0.0781262,0.977494,0.195961,-0.178474,-0.991505,-0.0556808,-0.117548,0.140098,-0.103992,-0.20348,0.973541,1.68446,0,0,0,1
133198518191227843,-0.0785571,0.977598,0.195271,-0.178865,-0.992195,-0.0576442,-0.11057,0.141248,-0.0968366,-0.202433,0.974497,1.68292,0,0,0,1
133198518191560825,-0.0777414,0.977858,0.194293,-0.179532,-0.99298,-0.0585191,-0.102794,0.142476,-0.0891485,-0.200921,0.975543,1.68155,0,0,0,1
133198518191888191,-0.0756373,0.978263,0.19308,-0.180329,-0.993763,-0.0580437,-0.0952123,0.143644,-0.0819356,-0.199078,0.976552,1.68048,0,0,0,1
133198518192229053,-0.0721201,0.978809,0.191655,-0.181377,-0.994441,-0.0557864,-0.089301,0.144623,-0.0767169,-0.19703,0.977391,1.67958,0,0,0,1
133198518193983471,-0.0591114,0.981432,0.182477,-0.188102,-0.99579,-0.0451446,-0.0797701,0.144881,-0.070051,-0.186424,0.979969,1.67998,0,0,0,1
133198518194271571,-0.0592197,0.981667,0.181168,-0.187056,-0.995717,-0.045181,-0.0806609,0.144708,-0.0709968,-0.185169,0.980139,1.6797,0,0,0,1
133198518194544936,-0.0598292,0.981726,0.180652,-0.184972,-0.995555,-0.0454983,-0.0824597,0.144633,-0.0727335,-0.184782,0.980084,1.67896,0,0,0,1
133198518194869889,-0.0612943,0.981521,0.181274,-0.181946,-0.995225,-0.0462775,-0.0859429,0.144436,-0.0759658,-0.185676,0.97967,1.67799,0,0,0,1
133198518195200762,-0.0630025,0.981086,0.183036,-0.180563,-0.994892,-0.0472472,-0.0892024,0.143882,-0.0788673,-0.187721,0.979051,1.67795,0,0,0,1
133198518195529951,-0.0652223,0.980549,0.185121,-0.178049,-0.994576,-0.0488153,-0.091847,0.143641,-0.0810238,-0.190107,0.978414,1.67727,0,0,0,1
133198518195865478,-0.0678178,0.97995,0.187346,-0.17658,-0.99432,-0.0509471,-0.0934478,0.143326,-0.0820295,-0.192619,0.977839,1.67711,0,0,0,1
133198518196208778,-0.0701507,0.979361,0.189556,-0.175288,-0.994254,-0.0532422,-0.0928709,0.143283,-0.0808618,-0.194982,0.977468,1.67696,0,0,0,1
133198518196525595,-0.0718049,0.978884,0.19139,-0.174341,-0.994238,-0.0549341,-0.0920478,0.143316,-0.0795904,-0.196896,0.977188,1.67687,0,0,0,1
133198518196850463,-0.073063,0.97856,0.192566,-0.173749,-0.994181,-0.0561361,-0.0919438,0.143296,-0.0791626,-0.198163,0.976967,1.677,0,0,0,1
133198518197186402,-0.0738268,0.978475,0.192706,-0.173489,-0.994109,-0.0568292,-0.0922952,0.143252,-0.0793573,-0.198384,0.976906,1.67735,0,0,0,1
133198518197538395,-0.0748677,0.978516,0.192098,-0.173513,-0.993916,-0.0576175,-0.0938714,0.143099,-0.0807864,-0.197957,0.976876,1.67785,0,0,0,1
133198518198502983,-0.0761245,0.979452,0.186758,-0.174827,-0.99383,-0.0593804,-0.0936754,0.143114,-0.0806608,-0.192737,0.97793,1.67969,0,0,0,1
133198518198831312,-0.0760138,0.979994,0.183937,-0.17553,-0.993828,-0.0595165,-0.0936126,0.143129,-0.0807926,-0.189917,0.97847,1.68049,0,0,0,1
133198518199159617,-0.0756834,0.980596,0.180844,-0.176232,-0.993829,-0.0594313,-0.0936621,0.143186,-0.0810968,-0.186817,0.979042,1.68146,0,0,0,1
133198518199490954,-0.0747195,0.981253,0.177652,-0.176918,-0.993877,-0.0587363,-0.0935919,0.143233,-0.0814026,-0.183557,0.979633,1.68255,0,0,0,1
133198518199820829,-0.0738531,0.981877,0.174536,-0.177531,-0.993893,-0.0580777,-0.0938314,0.143245,-0.0819943,-0.1804,0.98017,1.6837,0,0,0,1
133198518200160130,-0.0736208,0.982421,0.171549,-0.178058,-0.993816,-0.0579342,-0.0947236,0.143122,-0.08312,-0.177462,0.980611,1.68493,0,0,0,1
133198518200514489,-0.0730588,0.982906,0.168993,-0.178442,-0.993787,-0.0574825,-0.0953001,0.14314,-0.0839568,-0.174906,0.980999,1.68624,0,0,0,1
133198518200813191,-0.0722612,0.983165,0.167823,-0.178634,-0.993824,-0.0567689,-0.0953489,0.143176,-0.0842166,-0.173676,0.981195,1.68732,0,0,0,1
133198518201146055,-0.0717257,0.983192,0.167895,-0.178737,-0.993782,-0.0560708,-0.0961989,0.143146,-0.085168,-0.173751,0.9811,1.68846,0,0,0,1
133198518201470273,-0.0715901,0.983082,0.168598,-0.178707,-0.993706,-0.0556958,-0.0971897,0.143072,-0.0861552,-0.174495,0.980882,1.68957,0,0,0,1
133198518201801275,-0.0715711,0.983015,0.168997,-0.178573,-0.993644,-0.0555087,-0.0979326,0.142973,-0.0868883,-0.174932,0.980739,1.69076,0,0,0,1
133198518202159746,-0.0723586,0.982998,0.16876,-0.178469,-0.993505,-0.0561401,-0.0989752,0.142845,-0.0878182,-0.174825,0.980675,1.69214,0,0,0,1
133198518202460983,-0.0733519,0.983046,0.168045,-0.178326,-0.993341,-0.0570041,-0.100126,0.142677,-0.0888493,-0.174271,0.980681,1.69332,0,0,0,1
133198518203120694,-0.0746957,0.98331,0.165896,-0.177955,-0.99297,-0.0580233,-0.103171,0.142346,-0.0918235,-0.172436,0.980732,1.69596,0,0,0,1
133198518203451914,-0.0755272,0.983273,0.16574,-0.177471,-0.99275,-0.0585624,-0.104965,0.142123,-0.0935029,-0.172466,0.980568,1.69708,0,0,0,1
133198518204164978,-0.0791628,0.982551,0.168307,-0.176147,-0.992298,-0.0615329,-0.107506,0.141798,-0.0952735,-0.175522,0.979855,1.699,0,0,0,1
133198518204441478,-0.0798515,0.982326,0.16929,-0.175639,-0.992312,-0.062227,-0.106979,0.141889,-0.0945539,-0.176531,0.979743,1.69962,0,0,0,1
133198518204773273,-0.0801737,0.982161,0.170096,-0.175065,-0.992319,-0.0625154,-0.10675,0.14198,-0.0942125,-0.177348,0.979628,1.70027,0,0,0,1
133198518205100995,-0.0795143,0.982219,0.170067,-0.17457,-0.992397,-0.0619211,-0.106368,0.142072,-0.0939462,-0.177231,0.979675,1.70095,0,0,0,1
133198518205460999,-0.0788858,0.982272,0.170055,-0.174043,-0.992386,-0.0611931,-0.106889,0.142107,-0.0945876,-0.177192,0.97962,1.70161,0,0,0,1
133198518205799814,-0.0790226,0.982132,0.170797,-0.173316,-0.992333,-0.0611659,-0.1074,0.142104,-0.0950342,-0.177974,0.979435,1.70205,0,0,0,1
133198518206104131,-0.0799576,0.981769,0.172446,-0.172632,-0.992271,-0.0619256,-0.107529,0.142117,-0.0948902,-0.179711,0.979132,1.70225,0,0,0,1
133198518206421362,-0.0815742,0.981209,0.174854,-0.171942,-0.992257,-0.0634674,-0.106762,0.142216,-0.0936584,-0.182209,0.978789,1.70223,0,0,0,1
133198518206750304,-0.0833807,0.980524,0.17782,-0.171345,-0.9923,-0.0652946,-0.105251,0.142467,-0.0915906,-0.185226,0.978418,1.70213,0,0,0,1
133198518207080025,-0.0841519,0.979994,0.180361,-0.171133,-0.992473,-0.0662707,-0.10298,0.142796,-0.0889672,-0.18767,0.978195,1.70199,0,0,0,1
133198518207410793,-0.0834402,0.979812,0.181675,-0.171374,-0.992771,-0.0659502,-0.100279,0.143214,-0.0862728,-0.188729,0.978232,1.70198,0,0,0,1
133198518207741999,-0.0820131,0.980077,0.180893,-0.171857,-0.993141,-0.0651925,-0.0970571,0.143767,-0.0833306,-0.187612,0.978702,1.70213,0,0,0,1
133198518208076335,-0.0814371,0.980474,0.178994,-0.172615,-0.993258,-0.0649729,-0.0960025,0.143978,-0.0824981,-0.185606,0.979155,1.70233,0,0,0,1
133198518208425445,-0.0797921,0.981197,0.175746,-0.173593,-0.993622,-0.0641971,-0.0927091,0.144334,-0.0796835,-0.182022,0.98006,1.70268,0,0,0,1
133198518208730137,-0.0785441,0.981625,0.173904,-0.174458,-0.993711,-0.0631262,-0.092487,0.144344,-0.0798096,-0.180075,0.98041,1.70293,0,0,0,1
133198518209060282,-0.0773876,0.981925,0.172728,-0.175295,-0.993708,-0.0618954,-0.0933495,0.14423,-0.0809712,-0.178865,0.980536,1.70304,0,0,0,1
133198518209393026,-0.0753999,0.982334,0.171275,-0.176129,-0.993877,-0.0601228,-0.0927019,0.144187,-0.0807666,-0.177216,0.980852,1.70322,0,0,0,1
133198518209720081,-0.0735824,0.982623,0.170403,-0.176766,-0.993894,-0.058167,-0.0937592,0.144012,-0.0822181,-0.176262,0.980904,1.70335,0,0,0,1
133198518210162191,-0.069826,0.983143,0.168977,-0.177543,-0.994087,-0.0544566,-0.0939445,0.143968,-0.083159,-0.174538,0.981133,1.70366,0,0,0,1
133198518210407742,-0.0668514,0.983659,0.167172,-0.177951,-0.994373,-0.0518821,-0.0923654,0.144195,-0.0821828,-0.172406,0.981592,1.70404,0,0,0,1
133198518210711864,-0.0625297,0.984481,0.163975,-0.178283,-0.994859,-0.0483696,-0.0889726,0.144701,-0.0796604,-0.168695,0.982444,1.7048,0,0,0,1
133198518211049682,-0.0589094,0.985285,0.160449,-0.178297,-0.995216,-0.0454154,-0.0865099,0.1451,-0.0779501,-0.164778,0.983246,1.70589,0,0,0,1
133198518211370754,-0.05674,0.985937,0.157192,-0.177978,-0.995369,-0.043627,-0.0856522,0.145355,-0.0775898,-0.161324,0.983847,1.70711,0,0,0,1
133198518211708384,-0.0556608,0.98653,0.153818,-0.177429,-0.995454,-0.0429071,-0.0850264,0.145478,-0.0772812,-0.157852,0.984434,1.70852,0,0,0,1
133198518212046727,-0.0551209,0.986999,0.150976,-0.176691,-0.995376,-0.0424043,-0.0861932,0.145418,-0.0786706,-0.155028,0.984773,1.70986,0,0,0,1
133198518212361879,-0.0542482,0.987539,0.147728,-0.175979,-0.995378,-0.0417415,-0.0864845,0.145417,-0.0792405,-0.151737,0.98524,1.71109,0,0,0,1
133198518212692758,-0.0528145,0.988267,0.143315,-0.175168,-0.995504,-0.0408046,-0.0854841,0.145523,-0.0786332,-0.147185,0.985978,1.71239,0,0,0,1
133198518213024639,-0.0529839,0.988754,0.139851,-0.174189,-0.995332,-0.040978,-0.0873749,0.145372,-0.0806615,-0.143827,0.98631,1.71353,0,0,0,1
133198518213351450,-0.0546761,0.988919,0.138019,-0.173142,-0.994937,-0.0422839,-0.0911754,0.144932,-0.0843291,-0.142305,0.986224,1.71437,0,0,0,1
133198518213682924,-0.0566727,0.988879,0.137503,-0.172065,-0.99452,-0.0437957,-0.094932,0.144456,-0.0878542,-0.142129,0.985942,1.71484,0,0,0,1
133198518214017992,-0.0585229,0.988776,0.13747,-0.171096,-0.994152,-0.0452064,-0.0980705,0.144058,-0.0907552,-0.142406,0.985639,1.71489,0,0,0,1
133198518214344494,-0.0598315,0.988726,0.137261,-0.170408,-0.993812,-0.0461104,-0.101054,0.14372,-0.0935851,-0.142458,0.985367,1.71454,0,0,0,1
133198518214671301,-0.061108,0.988688,0.136976,-0.169994,-0.993527,-0.0470841,-0.103383,0.143529,-0.0957638,-0.142407,0.985165,1.71382,0,0,0,1
133198518215000815,-0.0620853,0.988591,0.137231,-0.169769,-0.993539,-0.048129,-0.102777,0.14361,-0.0949999,-0.142726,0.985193,1.71272,0,0,0,1
133198518215333518,-0.0602638,0.988657,0.137574,-0.169777,-0.993866,-0.0466274,-0.100278,0.144067,-0.0927263,-0.142773,0.985402,1.71143,0,0,0,1
133198518215663953,-0.0587794,0.988777,0.13735,-0.167297,-0.994093,-0.0454022,-0.098577,0.144094,-0.0912347,-0.142333,0.985605,1.71102,0,0,0,1
133198518215997267,-0.0586108,0.988975,0.13599,-0.167593,-0.994068,-0.0453173,-0.0988707,0.144256,-0.0916179,-0.140978,0.985764,1.70949,0,0,0,1
133198518216349183,-0.0571876,0.989631,0.131757,-0.168109,-0.994503,-0.0448734,-0.0946061,0.144912,-0.0877127,-0.136443,0.986757,1.70803,0,0,0,1
133198518216702987,-0.0569992,0.990305,0.126675,-0.168647,-0.994912,-0.0457855,-0.0897382,0.14545,-0.0830683,-0.131146,0.987877,1.70667,0,0,0,1
133198518216980090,-0.0568378,0.990716,0.123494,-0.169043,-0.994956,-0.0459663,-0.0891662,0.145521,-0.0826618,-0.127939,0.988331,1.70547,0,0,0,1
133198518217311428,-0.0557803,0.991157,0.120399,-0.170509,-0.994989,-0.0451601,-0.089204,0.14576,-0.082978,-0.124772,0.98871,1.70341,0,0,0,1
133198518217640718,-0.0577412,0.991209,0.119038,-0.169647,-0.994805,-0.0471143,-0.0902332,0.145539,-0.0838316,-0.12363,0.988781,1.70198,0,0,0,1
133198518217971208,-0.0625333,0.990818,0.119873,-0.168455,-0.994278,-0.0514231,-0.0936358,0.144962,-0.0866118,-0.125043,0.988364,1.70028,0,0,0,1
133198518218300359,-0.0677716,0.990243,0.121764,-0.167207,-0.993774,-0.056183,-0.0962091,0.144443,-0.0884293,-0.127526,0.987885,1.69847,0,0,0,1
133198518218644321,-0.071412,0.989614,0.124761,-0.166142,-0.993572,-0.059561,-0.0962682,0.144192,-0.0878374,-0.130834,0.987505,1.69662,0,0,0,1
133198518218960472,-0.0721995,0.98929,0.126855,-0.16542,-0.993564,-0.0602086,-0.0959442,0.144083,-0.0872789,-0.132966,0.98727,1.69508,0,0,0,1
133198518219289966,-0.0718936,0.989272,0.127166,-0.164974,-0.993467,-0.0596968,-0.0972552,0.143899,-0.0886204,-0.133327,0.987102,1.69381,0,0,0,1
133198518219622307,-0.0713339,0.989511,0.125613,-0.164647,-0.993319,-0.05902,-0.0991642,0.143702,-0.0907104,-0.131848,0.987111,1.69282,0,0,0,1
133198518219951443,-0.0711689,0.989897,0.122635,-0.164416,-0.993218,-0.0589962,-0.100185,0.14359,-0.0919376,-0.128934,0.987382,1.69216,0,0,0,1
133198518220284526,-0.0714934,0.990412,0.118209,-0.164267,-0.99316,-0.0597163,-0.100336,0.143527,-0.0923147,-0.124574,0.987907,1.69179,0,0,0,1
133198518220613207,-0.0723037,0.991015,0.112526,-0.16419,-0.993034,-0.0610045,-0.100808,0.143377,-0.0930376,-0.119031,0.988522,1.69174,0,0,0,1
133198518220941807,-0.0727882,0.991741,0.105597,-0.164313,-0.992844,-0.0620023,-0.102059,0.143134,-0.094669,-0.112271,0.989158,1.69202,0,0,0,1
