133187174727443900,-0.165002,-0.454799,0.875175,5.99419,-0.975334,-0.0566684,-0.213335,0.214325,0.146619,-0.888789,-0.434231,-4.07281,0,0,0,1
133187174730067824,-0.17056,-0.453012,0.875036,5.99791,-0.974843,-0.0517442,-0.216802,0.214107,0.143492,-0.890001,-0.43279,-4.07282,0,0,0,1
133187174738312100,-0.153842,-0.443343,0.883051,5.99937,-0.982001,-0.0305009,-0.186394,0.22067,0.10957,-0.895833,-0.430671,-4.06984,0,0,0,1
133187174738641462,-0.153148,-0.440064,0.884811,6.0001,-0.982351,-0.0295043,-0.184704,0.220953,0.107387,-0.897482,-0.427778,-4.06919,0,0,0,1
133187174738972649,-0.152087,-0.436941,0.886539,6.00091,-0.982764,-0.0285183,-0.18265,0.221289,0.10509,-0.899038,-0.425073,-4.06863,0,0,0,1
133187174739337108,-0.151098,-0.434202,0.888053,6.00173,-0.983076,-0.028141,-0.181025,0.221534,0.103592,-0.900376,-0.422601,-4.06822,0,0,0,1
133187174740621165,-0.15036,-0.428041,0.891163,6.00427,-0.98322,-0.0294405,-0.180034,0.221719,0.103298,-0.903279,-0.416431,-4.06755,0,0,0,1
133187174740953226,-0.150226,-0.42729,0.891547,6.00471,-0.983247,-0.0295972,-0.179862,0.221671,0.10324,-0.90363,-0.415685,-4.06759,0,0,0,1
133187174741344631,-0.150487,-0.426991,0.891646,6.00512,-0.983134,-0.0301814,-0.180381,0.221552,0.103932,-0.903752,-0.415247,-4.06769,0,0,0,1
133187174741635271,-0.150436,-0.427035,0.891634,6.00525,-0.983042,-0.0310602,-0.180734,0.221381,0.104874,-0.903702,-0.415121,-4.06784,0,0,0,1
133187174741978794,-0.149618,-0.426908,0.891832,6.00539,-0.983106,-0.0319501,-0.180225,0.221333,0.105433,-0.90373,-0.414916,-4.06797,0,0,0,1
133187174742271581,-0.148652,-0.426669,0.892108,6.00541,-0.983227,-0.0326302,-0.179442,0.221322,0.105672,-0.903819,-0.414662,-4.06812,0,0,0,1
133187174742601024,-0.147971,-0.427135,0.891998,6.00524,-0.983279,-0.0332654,-0.179042,0.221277,0.106148,-0.903576,-0.41507,-4.06832,0,0,0,1
133187174742931258,-0.147467,-0.428701,0.89133,6.00486,-0.983282,-0.0337834,-0.178929,0.221216,0.106819,-0.902814,-0.416552,-4.06866,0,0,0,1
133187174743922794,-0.14324,-0.437761,0.887608,6.00275,-0.98355,-0.0367631,-0.176855,0.221295,0.110051,-0.898339,-0.425294,-4.06991,0,0,0,1
133187174744251125,-0.14251,-0.440292,0.886473,6.00205,-0.983604,-0.0370085,-0.176506,0.221309,0.110521,-0.897091,-0.427799,-4.07015,0,0,0,1
133187174744583633,-0.14203,-0.442198,0.885601,6.00147,-0.983648,-0.0370401,-0.176249,0.221312,0.11074,-0.896152,-0.429707,-4.07022,0,0,0,1
133187174745251187,-0.141674,-0.444292,0.884609,6.00059,-0.983647,-0.0372057,-0.176221,0.221222,0.111206,-0.895109,-0.431756,-4.0702,0,0,0,1
133187174745586025,-0.141905,-0.445411,0.884009,6.00016,-0.983541,-0.0374672,-0.17676,0.221069,0.111852,-0.894542,-0.432763,-4.07015,0,0,0,1
133187174745905004,-0.142364,-0.446748,0.88326,5.99982,-0.983446,-0.0372245,-0.17734,0.221093,0.112105,-0.893885,-0.434053,-4.07002,0,0,0,1
133187174746235716,-0.142186,-0.447929,0.882691,5.99946,-0.983521,-0.0366673,-0.177035,0.221184,0.111665,-0.893317,-0.435334,-4.06982,0,0,0,1
133187174746561443,-0.141648,-0.448438,0.882519,5.99926,-0.983666,-0.0362681,-0.176311,0.221335,0.111072,-0.893078,-0.435977,-4.06962,0,0,0,1
133187174746891332,-0.141256,-0.447895,0.882857,5.9992,-0.983826,-0.0357151,-0.175531,0.221529,0.110151,-0.893372,-0.435606,-4.06931,0,0,0,1
133187174747238217,-0.141186,-0.447059,0.883292,5.99922,-0.983886,-0.0355029,-0.175234,0.221648,0.109699,-0.8938,-0.434843,-4.06898,0,0,0,1
133187174747882307,-0.141645,-0.445769,0.88387,5.9994,-0.983856,-0.0352643,-0.175454,0.221792,0.109381,-0.894453,-0.433578,-4.06846,0,0,0,1
133187174748541704,-0.141646,-0.443904,0.884809,5.99979,-0.983788,-0.036185,-0.175645,0.22193,0.109986,-0.895344,-0.431582,-4.06795,0,0,0,1
133187174748871078,-0.141718,-0.442849,0.885326,6.00004,-0.983711,-0.0369076,-0.175928,0.221987,0.110585,-0.895837,-0.430405,-4.06771,0,0,0,1
133187174749206194,-0.141788,-0.441872,0.885802,6.00035,-0.983712,-0.0369834,-0.175909,0.22206,0.110489,-0.896316,-0.429431,-4.06743,0,0,0,1
133187174749535277,-0.142241,-0.441152,0.886088,6.00065,-0.983677,-0.0366786,-0.176168,0.222128,0.110217,-0.896683,-0.428734,-4.06721,0,0,0,1
133187174751841239,-0.148356,-0.433289,0.888961,6.00362,-0.983097,-0.032905,-0.180105,0.222101,0.107288,-0.900654,-0.421083,-4.06551,0,0,0,1
133187174757466490,-0.14201,-0.449618,0.88186,5.99985,-0.983373,-0.037786,-0.177623,0.221153,0.113184,-0.892422,-0.436776,-4.06482,0,0,0,1
133187174758772278,-0.134912,-0.452989,0.881249,6.00002,-0.985551,-0.0305777,-0.166598,0.222155,0.102413,-0.890992,-0.442319,-4.06176,0,0,0,1
133187174759103568,-0.13599,-0.451498,0.881848,6.00095,-0.985651,-0.0281794,-0.166425,0.222165,0.0999903,-0.891827,-0.441188,-4.06183,0,0,0,1
133187174761751052,-0.143258,-0.432831,0.89002,6.01154,-0.985139,-0.0237372,-0.170112,0.222389,0.094756,-0.901163,-0.422999,-4.06699,0,0,0,1
133187174762072161,-0.146307,-0.430894,0.890463,6.01218,-0.984664,-0.0230417,-0.172935,0.222315,0.0950342,-0.902108,-0.420914,-4.06739,0,0,0,1
133187174762406576,-0.147537,-0.429599,0.890886,6.01245,-0.984301,-0.0244451,-0.174796,0.222336,0.09687,-0.902689,-0.419248,-4.06765,0,0,0,1
133187174762730707,-0.145244,-0.428362,0.891858,6.01258,-0.984599,-0.0260801,-0.172874,0.222698,0.0973124,-0.903231,-0.417977,-4.06776,0,0,0,1
133187174763065274,-0.140623,-0.427151,0.893178,6.01273,-0.985429,-0.0267935,-0.167961,0.223363,0.0956762,-0.903783,-0.41716,-4.0679,0,0,0,1
133187174763391854,-0.138907,-0.427316,0.893367,6.01278,-0.985815,-0.0261377,-0.165784,0.223695,0.094193,-0.903724,-0.417624,-4.0682,0,0,0,1
133187174763721025,-0.139937,-0.42918,0.892313,6.01266,-0.98568,-0.0252553,-0.166727,0.223652,0.0940914,-0.902866,-0.4195,-4.06873,0,0,0,1
133187174764054623,-0.141215,-0.432837,0.890343,6.0123,-0.985369,-0.0252357,-0.168555,0.223404,0.0954251,-0.901119,-0.422941,-4.06948,0,0,0,1
133187174764382268,-0.141691,-0.437426,0.888021,6.01182,-0.985058,-0.0264094,-0.170183,0.223066,0.0978948,-0.898866,-0.427148,-4.07028,0,0,0,1
133187174764710652,-0.142364,-0.441881,0.885705,6.01129,-0.984756,-0.0271199,-0.171815,0.222721,0.099942,-0.896664,-0.431284,-4.07101,0,0,0,1
133187174765040802,-0.143456,-0.444665,0.884135,6.01084,-0.984424,-0.0276301,-0.173625,0.222387,0.101633,-0.895271,-0.433775,-4.07154,0,0,0,1
133187174765406258,-0.144868,-0.446744,0.882855,6.01028,-0.983858,-0.029698,-0.17647,0.221941,0.105056,-0.894169,-0.43523,-4.07211,0,0,0,1
133187174765702621,-0.14452,-0.448229,0.882159,6.00972,-0.983506,-0.0329248,-0.177853,0.221552,0.108764,-0.893312,-0.436077,-4.07253,0,0,0,1
133187174766031713,-0.14343,-0.450433,0.881214,6.00894,-0.983223,-0.0365407,-0.178712,0.221169,0.112698,-0.892062,-0.437635,-4.07301,0,0,0,1
133187174766368047,-0.142504,-0.45294,0.880078,6.00805,-0.982896,-0.0400388,-0.179759,0.220706,0.116657,-0.890642,-0.439487,-4.07351,0,0,0,1
