133187174727080461,-0.164932,-0.453306,0.875963,5.99402,-0.975501,-0.0561237,-0.212717,0.214468,0.145588,-0.889586,-0.432944,-4.0723,0,0,0,1
133187174727407868,-0.165029,-0.454654,0.875246,5.99417,-0.975343,-0.0566139,-0.213311,0.214356,0.146534,-0.888867,-0.434101,-4.07277,0,0,0,1
133187174727736640,-0.164689,-0.455878,0.874673,5.99444,-0.975336,-0.0568579,-0.213277,0.214343,0.14696,-0.888224,-0.43527,-4.07311,0,0,0,1
133187174729720621,-0.169441,-0.453647,0.874925,5.9975,-0.974969,-0.0525265,-0.216051,0.214215,0.143967,-0.889632,-0.433392,-4.07296,0,0,0,1
133187174730058199,-0.170545,-0.453027,0.875032,5.9979,-0.974845,-0.0517534,-0.216793,0.214136,0.143499,-0.889993,-0.432805,-4.07283,0,0,0,1
133187174730376755,-0.171106,-0.452771,0.875055,5.99818,-0.97481,-0.0511681,-0.217087,0.214152,0.143066,-0.890157,-0.432611,-4.07272,0,0,0,1
133187174730710752,-0.170852,-0.45281,0.875084,5.99822,-0.974925,-0.0508313,-0.216648,0.214192,0.142582,-0.890157,-0.432771,-4.07269,0,0,0,1
133187174736314531,-0.154916,-0.456379,0.876196,5.99732,-0.979685,-0.04336,-0.195798,0.218319,0.12735,-0.888729,-0.44039,-4.07402,0,0,0,1
133187174736646745,-0.154354,-0.454441,0.877302,5.99738,-0.980093,-0.0417969,-0.19409,0.218749,0.124871,-0.889796,-0.438943,-4.07346,0,0,0,1
133187174736977993,-0.154345,-0.452337,0.87839,5.99758,-0.980438,-0.0397878,-0.192765,0.219183,0.122144,-0.890959,-0.437348,-4.07282,0,0,0,1
133187174737337131,-0.154367,-0.450381,0.87939,5.99788,-0.980897,-0.0367717,-0.191018,0.219614,0.118368,-0.892079,-0.436102,-4.07202,0,0,0,1
133187174737638806,-0.1546,-0.448742,0.880187,5.9982,-0.981248,-0.0340574,-0.189714,0.219975,0.11511,-0.893012,-0.435062,-4.07136,0,0,0,1
133187174737971194,-0.154761,-0.446434,0.881332,5.99871,-0.98156,-0.0318311,-0.188484,0.22032,0.112199,-0.894251,-0.433275,-4.07058,0,0,0,1
133187174738297560,-0.153873,-0.443483,0.882976,5.99934,-0.981986,-0.0305423,-0.186467,0.220658,0.109663,-0.895762,-0.430794,-4.06987,0,0,0,1
133187174738626290,-0.153192,-0.440216,0.884727,6.00007,-0.982332,-0.0295525,-0.184797,0.220939,0.107496,-0.897405,-0.427912,-4.06922,0,0,0,1
133187174739333320,-0.151107,-0.434228,0.888039,6.00172,-0.983074,-0.0281399,-0.181037,0.221532,0.103601,-0.900364,-0.422626,-4.06822,0,0,0,1
133187174739946716,-0.15059,-0.430587,0.889897,6.00307,-0.983161,-0.0290322,-0.18042,0.221646,0.103522,-0.902082,-0.418965,-4.06775,0,0,0,1
133187174740277754,-0.150503,-0.429119,0.890621,6.0037,-0.983186,-0.0292664,-0.180246,0.221681,0.103412,-0.902774,-0.4175,-4.06764,0,0,0,1
133187174740606916,-0.150364,-0.428079,0.891145,6.00425,-0.983219,-0.0294354,-0.180039,0.221719,0.103302,-0.903262,-0.41647,-4.06755,0,0,0,1
133187174740938113,-0.150227,-0.427316,0.891534,6.00469,-0.983247,-0.0295857,-0.179861,0.221673,0.103234,-0.903618,-0.415712,-4.06759,0,0,0,1
133187174741341049,-0.150484,-0.426991,0.891646,6.00511,-0.983135,-0.0301729,-0.180374,0.221553,0.103922,-0.903752,-0.415249,-4.06769,0,0,0,1
133187174741618591,-0.15045,-0.427034,0.891632,6.00525,-0.983045,-0.0310067,-0.180724,0.221387,0.104822,-0.903704,-0.415129,-4.06783,0,0,0,1
133187174741941320,-0.149744,-0.426943,0.891794,6.00538,-0.98309,-0.0318679,-0.18033,0.221332,0.10541,-0.903717,-0.414951,-4.06795,0,0,0,1
133187174742258167,-0.148688,-0.426672,0.892101,6.00541,-0.983224,-0.0325989,-0.179467,0.221324,0.105655,-0.903819,-0.414667,-4.06811,0,0,0,1
133187174742585238,-0.147998,-0.427089,0.892016,6.00525,-0.983277,-0.0332406,-0.179055,0.22128,0.106123,-0.903599,-0.415027,-4.06831,0,0,0,1
133187174742916408,-0.147491,-0.428606,0.891372,6.00488,-0.983282,-0.0337577,-0.17893,0.221218,0.106781,-0.902861,-0.416462,-4.06864,0,0,0,1
133187174743246034,-0.146526,-0.431225,0.890267,6.00425,-0.983321,-0.0345366,-0.17857,0.221186,0.107751,-0.901583,-0.418972,-4.06908,0,0,0,1
133187174743578763,-0.144933,-0.434479,0.888944,6.00351,-0.983424,-0.035678,-0.177775,0.221244,0.108956,-0.899975,-0.422107,-4.06955,0,0,0,1
133187174743910707,-0.143275,-0.437653,0.887655,6.00278,-0.983549,-0.0367384,-0.176867,0.221294,0.110018,-0.898393,-0.425189,-4.0699,0,0,0,1
133187174744236598,-0.142535,-0.440194,0.886517,6.00208,-0.983602,-0.0370015,-0.176518,0.221308,0.110505,-0.89714,-0.427701,-4.07014,0,0,0,1
133187174744569397,-0.142049,-0.442132,0.88563,6.00149,-0.983646,-0.0370417,-0.176263,0.221312,0.110737,-0.896185,-0.429639,-4.07022,0,0,0,1
133187174744896402,-0.141686,-0.443328,0.885091,6.001,-0.983687,-0.0370588,-0.176031,0.221288,0.11084,-0.895593,-0.430845,-4.07025,0,0,0,1
133187174745225626,-0.14166,-0.44422,0.884647,6.00062,-0.983653,-0.0371923,-0.17619,0.221231,0.111169,-0.895145,-0.43169,-4.0702,0,0,0,1
133187174745558356,-0.141873,-0.445303,0.884069,6.00019,-0.983552,-0.0374486,-0.176701,0.221081,0.111792,-0.894597,-0.432666,-4.07016,0,0,0,1
133187174745893624,-0.142338,-0.446702,0.883288,5.99983,-0.983451,-0.0372254,-0.177305,0.221042,0.112083,-0.893908,-0.434011,-4.07002,0,0,0,1
133187174746219056,-0.142213,-0.447881,0.882711,5.99948,-0.983515,-0.0366856,-0.177068,0.221178,0.111688,-0.89334,-0.43528,-4.06983,0,0,0,1
133187174747869157,-0.141635,-0.445794,0.883859,5.9994,-0.983858,-0.0352616,-0.175444,0.221788,0.109378,-0.894441,-0.433604,-4.06847,0,0,0,1
133187174748195588,-0.141744,-0.445024,0.88423,5.99956,-0.983805,-0.0356644,-0.175656,0.221856,0.109707,-0.894808,-0.432762,-4.06823,0,0,0,1
133187174748526054,-0.141656,-0.443956,0.88478,5.99978,-0.983789,-0.0361557,-0.175649,0.221925,0.109971,-0.895319,-0.431637,-4.06796,0,0,0,1
133187174748856848,-0.141708,-0.442892,0.885305,6.00003,-0.983714,-0.0368881,-0.175914,0.221984,0.110568,-0.895816,-0.430452,-4.06772,0,0,0,1
133187174749188868,-0.141781,-0.441917,0.885781,6.00034,-0.98371,-0.0369948,-0.175913,0.222054,0.110508,-0.896293,-0.429473,-4.06744,0,0,0,1
133187174749524962,-0.142221,-0.441172,0.886082,6.00064,-0.983679,-0.0366861,-0.176152,0.222126,0.11022,-0.896673,-0.428754,-4.06721,0,0,0,1
133187174749858662,-0.142862,-0.440493,0.886316,6.00095,-0.983609,-0.0363544,-0.176611,0.222121,0.110018,-0.89702,-0.42808,-4.067,0,0,0,1
133187174750180859,-0.143593,-0.439522,0.88668,6.00127,-0.983556,-0.0357883,-0.177022,0.222121,0.109538,-0.897519,-0.427155,-4.0668,0,0,0,1
133187174750510099,-0.144633,-0.438441,0.887046,6.00164,-0.983419,-0.0354178,-0.177853,0.222071,0.109395,-0.898062,-0.426049,-4.06654,0,0,0,1
133187174750837861,-0.145607,-0.437099,0.887549,6.00213,-0.983295,-0.0351074,-0.178604,0.222078,0.109227,-0.898728,-0.424685,-4.06629,0,0,0,1
133187174751167162,-0.146623,-0.435744,0.888048,6.0026,-0.983161,-0.0347936,-0.179399,0.222057,0.10907,-0.899398,-0.423306,-4.06603,0,0,0,1
133187174751498793,-0.14747,-0.434464,0.888535,6.0031,-0.983116,-0.0340036,-0.179795,0.22209,0.108328,-0.900047,-0.422114,-4.06578,0,0,0,1
133187174751834625,-0.148335,-0.433308,0.888955,6.00361,-0.983098,-0.032926,-0.180094,0.2221,0.107306,-0.900644,-0.4211,-4.06552,0,0,0,1
133187174752158208,-0.149587,-0.432423,0.889176,6.00406,-0.982959,-0.0321367,-0.180993,0.222081,0.106841,-0.901098,-0.420247,-4.06539,0,0,0,1
133187174752489847,-0.150621,-0.431572,0.889415,6.00453,-0.982796,-0.0319065,-0.181917,0.222028,0.106888,-0.901514,-0.419342,-4.06534,0,0,0,1
133187174752820005,-0.151073,-0.431053,0.88959,6.00485,-0.982723,-0.0318527,-0.182324,0.221941,0.106927,-0.901764,-0.418793,-4.06535,0,0,0,1
133187174753145253,-0.151537,-0.431255,0.889413,6.00507,-0.982712,-0.0310947,-0.18251,0.221916,0.106364,-0.901694,-0.419088,-4.06535,0,0,0,1
133187174753484043,-0.152031,-0.432008,0.888963,6.0051,-0.982762,-0.0296493,-0.182481,0.221856,0.10519,-0.901382,-0.420054,-4.06559,0,0,0,1
133187174753818273,-0.152547,-0.433352,0.88822,6.00507,-0.982658,-0.0293562,-0.183089,0.221732,0.105417,-0.900747,-0.421358,-4.06596,0,0,0,1
133187174754139378,-0.152493,-0.435028,0.88741,6.00487,-0.982486,-0.0305576,-0.183811,0.221514,0.10708,-0.899898,-0.422749,-4.0665,0,0,0,1
133187174754468589,-0.151728,-0.437269,0.886439,6.00458,-0.982362,-0.0324458,-0.184152,0.221318,0.109285,-0.898746,-0.424634,-4.06713,0,0,0,1
133187174754800445,-0.150502,-0.440206,0.885194,6.00416,-0.982212,-0.0351223,-0.184463,0.221076,0.112292,-0.89721,-0.427089,-4.06772,0,0,0,1
133187174755132518,-0.150272,-0.443983,0.883345,6.00357,-0.981808,-0.0378797,-0.186061,0.220769,0.116069,-0.895234,-0.430213,-4.06816,0,0,0,1
133187174755463127,-0.148252,-0.446058,0.88264,6.0031,-0.982128,-0.0382447,-0.18429,0.220846,0.11596,-0.894187,-0.432416,-4.06832,0,0,0,1
133187174755790552,-0.148156,-0.447656,0.881847,6.00263,-0.982137,-0.0379955,-0.184293,0.220807,0.116006,-0.893398,-0.43403,-4.06822,0,0,0,1
133187174756119106,-0.148049,-0.449303,0.881027,6.00199,-0.982019,-0.0387233,-0.184768,0.22066,0.117133,-0.89254,-0.435492,-4.06793,0,0,0,1
133187174756447551,-0.146089,-0.449905,0.881047,6.00139,-0.982294,-0.0396173,-0.183107,0.220747,0.117286,-0.892197,-0.436152,-4.06741,0,0,0,1
133187174757468919,-0.142013,-0.449628,0.881854,5.99985,-0.983372,-0.0377891,-0.177629,0.221152,0.113192,-0.892416,-0.436785,-4.06481,0,0,0,1
133187174757769106,-0.141517,-0.451564,0.880944,5.99937,-0.983326,-0.0385432,-0.177721,0.221091,0.114207,-0.891406,-0.43858,-4.06401,0,0,0,1
133187174758104886,-0.138448,-0.45305,0.880669,5.99916,-0.984042,-0.0374252,-0.173953,0.221431,0.111769,-0.890699,-0.440639,-4.06301,0,0,0,1
133187174758439795,-0.135236,-0.453334,0.881022,5.99942,-0.98508,-0.0340037,-0.168705,0.221963,0.106438,-0.890692,-0.441972,-4.06216,0,0,0,1
133187174758756615,-0.134887,-0.453027,0.881233,5.99998,-0.985539,-0.0307149,-0.166643,0.222152,0.102561,-0.890967,-0.442333,-4.06177,0,0,0,1
133187174759089146,-0.135939,-0.45159,0.881809,6.0009,-0.98565,-0.0282575,-0.166418,0.222164,0.100071,-0.891778,-0.441268,-4.06182,0,0,0,1
133187174759417169,-0.136583,-0.448939,0.883062,6.00206,-0.985637,-0.0277913,-0.166577,0.222134,0.0993245,-0.89313,-0.438695,-4.06232,0,0,0,1
133187174759744553,-0.136288,-0.446145,0.884522,6.00337,-0.985569,-0.0294151,-0.166695,0.222017,0.100389,-0.894477,-0.435698,-4.06313,0,0,0,1
133187174760077823,-0.136922,-0.444271,0.885368,6.0047,-0.985252,-0.0315183,-0.168185,0.221787,0.102625,-0.895338,-0.433404,-4.0641,0,0,0,1
133187174760417885,-0.137172,-0.442379,0.886275,6.00611,-0.985137,-0.032457,-0.168675,0.22176,0.103384,-0.896241,-0.431352,-4.06497,0,0,0,1
133187174760744081,-0.136596,-0.440134,0.887482,6.00754,-0.985373,-0.0317788,-0.167423,0.221998,0.101892,-0.89737,-0.429355,-4.06566,0,0,0,1
133187174761070412,-0.137017,-0.437766,0.888587,6.00904,-0.985541,-0.0300224,-0.166757,0.222261,0.0996783,-0.898587,-0.427323,-4.06609,0,0,0,1
133187174761395067,-0.13907,-0.435399,0.889431,6.01036,-0.98553,-0.0270369,-0.167331,0.222404,0.0969034,-0.899831,-0.425339,-4.06654,0,0,0,1
133187174761725177,-0.142954,-0.43301,0.889981,6.01147,-0.985176,-0.0239025,-0.169874,0.222393,0.0948299,-0.901072,-0.423174,-4.06695,0,0,0,1
