133198518773682445,-0.0369811,-0.136825,0.989905,-4.37476,-0.997024,-0.0620053,-0.0458174,0.158879,0.0676484,-0.988653,-0.134125,-0.113171,0,0,0,1
133198518774005522,-0.0386374,-0.138611,0.989593,-4.37368,-0.996866,-0.0630659,-0.0477548,0.158591,0.0690288,-0.988337,-0.13574,-0.113834,0,0,0,1
133198518774338013,-0.0406445,-0.140939,0.989184,-4.37264,-0.996691,-0.0640321,-0.0500762,0.158268,0.0703971,-0.987946,-0.13787,-0.114553,0,0,0,1
133198518774669353,-0.0421774,-0.143626,0.988733,-4.37169,-0.996531,-0.0650219,-0.051955,0.157975,0.0717511,-0.987494,-0.140385,-0.115268,0,0,0,1
133198518777051694,-0.0450919,-0.156488,0.98665,-4.36638,-0.996089,-0.0680816,-0.0563214,0.157449,0.0759864,-0.985331,-0.152806,-0.11851,0,0,0,1
133198518777259751,-0.0454022,-0.157738,0.986437,-4.36591,-0.996025,-0.0686091,-0.0568146,0.157426,0.0766404,-0.985095,-0.153996,-0.118713,0,0,0,1
133198518777688253,-0.0460567,-0.160575,0.985949,-4.36498,-0.995944,-0.0689888,-0.0577593,0.15737,0.077294,-0.98461,-0.156746,-0.118917,0,0,0,1
133198518779417857,-0.0515208,-0.16782,0.98447,-4.36049,-0.996127,-0.0616943,-0.0626477,0.156786,0.0712497,-0.983885,-0.163992,-0.118831,0,0,0,1
133198518779722592,-0.0508547,-0.168274,0.984428,-4.35965,-0.996206,-0.0611595,-0.0619174,0.156763,0.0706261,-0.983841,-0.164525,-0.118717,0,0,0,1
133198518780379662,-0.0522289,-0.168874,0.984253,-4.35798,-0.996229,-0.0595682,-0.0630845,0.156579,0.0692832,-0.983836,-0.165126,-0.117863,0,0,0,1
133198518780664066,-0.0501549,-0.167115,0.984661,-4.35711,-0.996492,-0.0577638,-0.0605611,0.156827,0.0669984,-0.984244,-0.163631,-0.117275,0,0,0,1
133198518780975332,-0.0508231,-0.166453,0.984739,-4.35621,-0.996552,-0.0562916,-0.060948,0.156843,0.0655776,-0.984441,-0.163018,-0.116799,0,0,0,1
133198518781311258,-0.0498567,-0.165266,0.984988,-4.35524,-0.996627,-0.056138,-0.059865,0.156911,0.065189,-0.98465,-0.16191,-0.116336,0,0,0,1
133198518781632251,-0.0488544,-0.163819,0.98528,-4.35424,-0.996598,-0.0575618,-0.0589863,0.156909,0.0663777,-0.984809,-0.160449,-0.115892,0,0,0,1
133198518782307026,-0.0457082,-0.159241,0.986181,-4.35164,-0.996735,-0.0585077,-0.0556448,0.157178,0.0665602,-0.985504,-0.156047,-0.114886,0,0,0,1
133198518782635157,-0.0458411,-0.157675,0.986426,-4.35018,-0.996822,-0.057179,-0.0554641,0.157203,0.0651482,-0.985834,-0.154553,-0.114483,0,0,0,1
133198518782964353,-0.0464115,-0.156749,0.986547,-4.34869,-0.996891,-0.0556855,-0.0557459,0.157154,0.0636744,-0.986067,-0.153677,-0.114244,0,0,0,1
133198518784613230,-0.0470498,-0.151156,0.98739,-4.34107,-0.996873,-0.0557249,-0.0560322,0.156549,0.0634916,-0.986938,-0.148061,-0.11526,0,0,0,1
133198518784946364,-0.0468736,-0.148948,0.987734,-4.33933,-0.996784,-0.0573702,-0.0559543,0.156378,0.0650006,-0.98718,-0.145779,-0.115806,0,0,0,1
133198518786922629,-0.0598541,-0.148868,0.987044,-4.33272,-0.995846,-0.0590688,-0.0692966,0.154552,0.0686193,-0.987091,-0.144715,-0.11949,0,0,0,1
133198518787289565,-0.0615284,-0.150283,0.986726,-4.3328,-0.995744,-0.0587215,-0.0710344,0.154371,0.0686174,-0.986897,-0.14603,-0.119787,0,0,0,1
133198518787584051,-0.0621481,-0.15135,0.986525,-4.33308,-0.995705,-0.0585659,-0.0717113,0.154309,0.0686301,-0.986744,-0.14706,-0.119878,0,0,0,1
133198518789564732,-0.0599519,-0.148906,0.987032,-4.33542,-0.996523,-0.0483925,-0.067829,0.154959,0.0578652,-0.987666,-0.145487,-0.117083,0,0,0,1
133198518789895399,-0.058609,-0.145759,0.987583,-4.33557,-0.99679,-0.045507,-0.0658719,0.155289,0.0545433,-0.988273,-0.142624,-0.116555,0,0,0,1
133198518790224622,-0.0580012,-0.141507,0.988237,-4.33555,-0.996984,-0.0429178,-0.0646598,0.15542,0.0515626,-0.989007,-0.138591,-0.11611,0,0,0,1
133198518790556607,-0.0584733,-0.138362,0.988654,-4.33551,-0.996965,-0.0428962,-0.0649684,0.15534,0.0513988,-0.989452,-0.135433,-0.116068,0,0,0,1
133198518790885507,-0.0596632,-0.137067,0.988763,-4.3355,-0.99684,-0.0438521,-0.0662295,0.155126,0.0524371,-0.989591,-0.134017,-0.116313,0,0,0,1
133198518791218902,-0.0599431,-0.136791,0.988785,-4.33554,-0.996754,-0.0451241,-0.0666687,0.155012,0.0537375,-0.989572,-0.133642,-0.116595,0,0,0,1
133198518791873669,-0.0603089,-0.138284,0.988554,-4.33569,-0.996614,-0.0471071,-0.0673904,0.15477,0.0558871,-0.989272,-0.134975,-0.116942,0,0,0,1
133198518792203627,-0.0598688,-0.138964,0.988486,-4.33573,-0.996662,-0.0467489,-0.066936,0.154783,0.0555124,-0.989193,-0.135701,-0.116942,0,0,0,1
133198518792538969,-0.0597525,-0.139392,0.988433,-4.33572,-0.996713,-0.0459416,-0.0667318,0.154818,0.054712,-0.989171,-0.136188,-0.116943,0,0,0,1
133198518792862156,-0.0602545,-0.139998,0.988317,-4.3357,-0.996689,-0.045723,-0.0672415,0.154788,0.0546025,-0.989096,-0.13678,-0.117011,0,0,0,1
133198518793197859,-0.0610073,-0.141524,0.988053,-4.33576,-0.996636,-0.0456259,-0.0680726,0.154739,0.0547148,-0.988883,-0.138265,-0.117168,0,0,0,1
133198518793529346,-0.061198,-0.143438,0.987765,-4.33588,-0.996675,-0.0445521,-0.0682195,0.154866,0.0537921,-0.988656,-0.140234,-0.117337,0,0,0,1
133198518794198560,-0.0611227,-0.145993,0.987396,-4.33605,-0.996767,-0.0427667,-0.068026,0.155166,0.052159,-0.988361,-0.142907,-0.117602,0,0,0,1
133198518794523202,-0.0607361,-0.146003,0.987418,-4.33605,-0.996803,-0.0425748,-0.0676085,0.155242,0.0519101,-0.988368,-0.142951,-0.117677,0,0,0,1
133198518794851898,-0.0601079,-0.145811,0.987484,-4.33602,-0.996827,-0.0429322,-0.0670162,0.155266,0.0521668,-0.98838,-0.142768,-0.11777,0,0,0,1
133198518795171169,-0.0600851,-0.14583,0.987483,-4.33595,-0.996805,-0.0433806,-0.0670587,0.155216,0.0526168,-0.988358,-0.142758,-0.117973,0,0,0,1
133198518795505291,-0.0606648,-0.146875,0.987293,-4.33592,-0.996726,-0.0440562,-0.0677985,0.155041,0.0534543,-0.988173,-0.143722,-0.118278,0,0,0,1
133198518795835048,-0.06165,-0.149559,0.986829,-4.336,-0.99662,-0.0445577,-0.0690148,0.154812,0.0542929,-0.987748,-0.146307,-0.118739,0,0,0,1
133198518796169094,-0.0626798,-0.153224,0.986202,-4.33619,-0.996544,-0.0443587,-0.0702289,0.154652,0.0545072,-0.987196,-0.149914,-0.119261,0,0,0,1
133198518796493721,-0.0632061,-0.156728,0.985617,-4.33648,-0.996504,-0.0441461,-0.0709244,0.154568,0.0546272,-0.986654,-0.15339,-0.119749,0,0,0,1
133198518796827372,-0.0635204,-0.159729,0.985115,-4.33688,-0.996469,-0.0441509,-0.0714114,0.154517,0.0549003,-0.986173,-0.15636,-0.120195,0,0,0,1
133198518797152433,-0.0630536,-0.161548,0.984849,-4.33731,-0.996477,-0.0444815,-0.0710944,0.154603,0.0552925,-0.985862,-0.158174,-0.120649,0,0,0,1
133198518797484511,-0.0616999,-0.16277,0.984733,-4.3378,-0.996504,-0.0456294,-0.0699796,0.154726,0.0563233,-0.985608,-0.159385,-0.12117,0,0,0,1
133198518797813642,-0.0602472,-0.164162,0.984592,-4.33835,-0.99654,-0.0466843,-0.068762,0.154889,0.0572532,-0.985328,-0.160782,-0.121706,0,0,0,1
133198518798166090,-0.0585563,-0.166346,0.984327,-4.339,-0.996655,-0.0465783,-0.0671609,0.155096,0.0570201,-0.984967,-0.163062,-0.122349,0,0,0,1
133198518798475016,-0.058013,-0.168572,0.983981,-4.33953,-0.996673,-0.046743,-0.066769,0.155202,0.0572496,-0.984581,-0.165299,-0.123029,0,0,0,1
133198518798805815,-0.0577263,-0.171144,0.983553,-4.34003,-0.996662,-0.0470841,-0.0666886,0.155229,0.0577231,-0.98412,-0.167855,-0.12375,0,0,0,1
133198518799132016,-0.0567638,-0.173515,0.983194,-4.34041,-0.996699,-0.0474029,-0.0659094,0.155207,0.0580427,-0.98369,-0.170251,-0.124284,0,0,0,1
133198518799466235,-0.0585644,-0.174663,0.982885,-4.3383,-0.996539,-0.0479578,-0.0679001,0.154571,0.0589965,-0.98346,-0.17125,-0.125575,0,0,0,1
133198518800791220,-0.0729177,-0.166308,0.983374,-4.33978,-0.99561,-0.0458808,-0.0815842,0.152925,0.0586861,-0.985006,-0.162232,-0.124401,0,0,0,1
133198518804085047,-0.0767297,-0.163434,0.983566,-4.34691,-0.995473,-0.0429394,-0.0847935,0.152694,0.056092,-0.985619,-0.1594,-0.124867,0,0,0,1
133198518807715501,-0.0887091,-0.15949,0.983206,-4.34903,-0.994608,-0.0390601,-0.0960738,0.152122,0.0537269,-0.986426,-0.155165,-0.12046,0,0,0,1
133198518808703597,-0.0895202,-0.15806,0.983363,-4.34664,-0.99485,-0.0329359,-0.0958601,0.15309,0.0475399,-0.98688,-0.154298,-0.118214,0,0,0,1
133198518810683597,-0.0873487,-0.17577,0.980548,-4.34415,-0.995072,-0.0309833,-0.0941963,0.154338,0.0469375,-0.983944,-0.172198,-0.121565,0,0,0,1
133198518811349908,-0.0834928,-0.178495,0.980392,-4.34507,-0.995291,-0.0336823,-0.090894,0.154471,0.0492461,-0.983364,-0.174842,-0.122869,0,0,0,1
133198518812003156,-0.0828068,-0.179742,0.980222,-4.34606,-0.995111,-0.0382073,-0.0910709,0.154184,0.0538212,-0.982971,-0.175699,-0.123642,0,0,0,1
133198518812665076,-0.0822541,-0.177286,0.980716,-4.34692,-0.995108,-0.0394137,-0.0905862,0.154145,0.0547136,-0.98337,-0.173177,-0.123125,0,0,0,1
133198518812999048,-0.08061,-0.176048,0.981076,-4.34735,-0.995276,-0.0392177,-0.0888141,0.154421,0.054111,-0.9836,-0.172055,-0.122685,0,0,0,1
133198518813325716,-0.0792685,-0.174897,0.98139,-4.34776,-0.995433,-0.0386418,-0.0872894,0.154674,0.0531896,-0.983828,-0.171036,-0.122225,0,0,0,1
133198518813652156,-0.0781295,-0.173621,0.981709,-4.34812,-0.995561,-0.0382414,-0.0859951,0.154878,0.0524724,-0.98407,-0.169863,-0.121792,0,0,0,1
133198518813985266,-0.0759031,-0.17212,0.982147,-4.34842,-0.995767,-0.0381166,-0.0836356,0.155167,0.0518315,-0.984338,-0.168499,-0.121471,0,0,0,1
133198518816952600,-0.0755162,-0.16605,0.983222,-4.34839,-0.995498,-0.0440943,-0.083906,0.154418,0.0572871,-0.985131,-0.161972,-0.122215,0,0,0,1
133198518819923225,-0.0788732,-0.166848,0.982823,-4.34765,-0.995109,-0.0456402,-0.0876072,0.153932,0.0594733,-0.984926,-0.162432,-0.122755,0,0,0,1
133198518820253901,-0.0788172,-0.167118,0.982781,-4.34787,-0.99512,-0.0455141,-0.0875463,0.153968,0.059361,-0.984886,-0.162716,-0.122765,0,0,0,1
133198518820613212,-0.0783147,-0.167852,0.982696,-4.34825,-0.995171,-0.0453366,-0.0870529,0.154029,0.0591643,-0.984769,-0.163491,-0.122816,0,0,0,1
133198518820912256,-0.0778,-0.168412,0.982642,-4.3486,-0.995216,-0.0453072,-0.0865607,0.154075,0.0590986,-0.984675,-0.164081,-0.122875,0,0,0,1
133198518821244035,-0.0772057,-0.168601,0.982656,-4.34896,-0.995252,-0.0455638,-0.0860128,0.154184,0.0592753,-0.984631,-0.164282,-0.122961,0,0,0,1
133198518821575898,-0.0764272,-0.168718,0.982697,-4.34935,-0.99528,-0.0462012,-0.085338,0.15424,0.0597998,-0.984581,-0.164391,-0.123016,0,0,0,1
133198518821908084,-0.0758924,-0.16881,0.982723,-4.34976,-0.995321,-0.0462918,-0.0848171,0.154253,0.05981,-0.984561,-0.164507,-0.123086,0,0,0,1
133198518822234742,-0.0757399,-0.168967,0.982707,-4.35017,-0.995324,-0.0464392,-0.084697,0.154316,0.0599472,-0.984527,-0.164659,-0.123191,0,0,0,1
133198518822566146,-0.0753486,-0.169016,0.982729,-4.35061,-0.995303,-0.0473299,-0.0844528,0.154327,0.0607864,-0.984476,-0.164655,-0.123328,0,0,0,1
133198518822893635,-0.0748525,-0.168899,0.982787,-4.35103,-0.995292,-0.0482022,-0.0840888,0.154313,0.061575,-0.984454,-0.164496,-0.123452,0,0,0,1
133198518823225201,-0.074586,-0.168942,0.9828,-4.35146,-0.995268,-0.0489333,-0.0839439,0.154308,0.0622732,-0.984411,-0.164493,-0.123559,0,0,0,1
133198518823558459,-0.0744759,-0.169065,0.982787,-4.35189,-0.995259,-0.0492148,-0.0838874,0.154305,0.0625502,-0.984375,-0.164598,-0.123582,0,0,0,1
133198518823881458,-0.074194,-0.169071,0.982807,-4.35226,-0.99527,-0.0494139,-0.0836356,0.154321,0.0627049,-0.984364,-0.164605,-0.123535,0,0,0,1
133198518824213495,-0.0736457,-0.168952,0.982869,-4.35264,-0.995313,-0.0494845,-0.0830844,0.154378,0.062674,-0.984381,-0.164515,-0.12345,0,0,0,1
133198518824543371,-0.0734611,-0.168552,0.982952,-4.35295,-0.995357,-0.0490788,-0.082804,0.15446,0.0621989,-0.98447,-0.164163,-0.123315,0,0,0,1
133198518825532955,-0.0734951,-0.16716,0.983187,-4.35362,-0.995392,-0.048579,-0.0826669,0.154546,0.0615809,-0.984732,-0.162819,-0.122911,0,0,0,1
133198518826193371,-0.0744053,-0.167391,0.983079,-4.35399,-0.99534,-0.048162,-0.0835341,0.154379,0.06133,-0.984713,-0.163027,-0.122725,0,0,0,1
133198518826523292,-0.0749676,-0.167808,0.982965,-4.3542,-0.995309,-0.0478656,-0.0840805,0.154278,0.0611596,-0.984657,-0.163433,-0.122667,0,0,0,1
133198518826852540,-0.0754657,-0.168183,0.982863,-4.35442,-0.99529,-0.0474524,-0.0845395,0.154251,0.0608572,-0.984613,-0.16381,-0.122638,0,0,0,1
133198518827190308,-0.07582,-0.168555,0.982772,-4.3547,-0.995273,-0.0471925,-0.0848783,0.154232,0.060686,-0.984562,-0.16418,-0.122605,0,0,0,1
133198518827515780,-0.0758201,-0.16901,0.982694,-4.35503,-0.995282,-0.0469968,-0.0848744,0.154222,0.0605283,-0.984493,-0.164649,-0.122571,0,0,0,1
133198518827845601,-0.0755903,-0.169681,0.982596,-4.35543,-0.995314,-0.0467553,-0.0846427,0.154293,0.060304,-0.984389,-0.165351,-0.122528,0,0,0,1
133198518828181599,-0.0752178,-0.170405,0.982499,-4.35589,-0.995365,-0.0463697,-0.0842455,0.154385,0.0599142,-0.984282,-0.166127,-0.122434,0,0,0,1
133198518828506357,-0.0744545,-0.170857,0.982478,-4.35631,-0.995443,-0.0461316,-0.0834596,0.154479,0.0595832,-0.984215,-0.166644,-0.122343,0,0,0,1
133198518828831101,-0.0737889,-0.170831,0.982533,-4.35666,-0.99552,-0.0457857,-0.0827248,0.154624,0.0591179,-0.984236,-0.166687,-0.122252,0,0,0,1
133198518830160699,-0.0729163,-0.169092,0.982899,-4.35777,-0.995692,-0.0442517,-0.0814781,0.15483,0.0572723,-0.984606,-0.165137,-0.12177,0,0,0,1
133198518830815153,-0.0729878,-0.168149,0.983056,-4.3581,-0.99561,-0.045625,-0.0817238,0.154722,0.0585935,-0.984705,-0.164081,-0.121872,0,0,0,1
133198518831476410,-0.0736175,-0.169285,0.982814,-4.35835,-0.995502,-0.0464525,-0.0825692,0.15459,0.0596319,-0.984472,-0.165104,-0.122139,0,0,0,1
133198518831801519,-0.0737829,-0.169927,0.982691,-4.3584,-0.995474,-0.0466299,-0.082806,0.154534,0.0598939,-0.984353,-0.165718,-0.12225,0,0,0,1
133198518832156276,-0.0742455,-0.170153,0.982617,-4.35837,-0.995455,-0.0462899,-0.0832312,0.154509,0.0596473,-0.98433,-0.165943,-0.122248,0,0,0,1
133198518832470755,-0.0749201,-0.170053,0.982583,-4.3583,-0.995398,-0.0462823,-0.0839074,0.154444,0.0597451,-0.984347,-0.165803,-0.122202,0,0,0,1
133198518832790678,-0.0756575,-0.169685,0.98259,-4.35822,-0.995337,-0.0462798,-0.0846311,0.154321,0.0598347,-0.984411,-0.165392,-0.122136,0,0,0,1
133198518833241978,-0.0764816,-0.169523,0.982554,-4.35819,-0.995268,-0.0462521,-0.0854513,0.154201,0.0599312,-0.98444,-0.165184,-0.122035,0,0,0,1
133198518833555660,-0.0769016,-0.169759,0.98248,-4.35823,-0.995255,-0.045839,-0.0858219,0.154181,0.0596049,-0.984419,-0.165429,-0.12195,0,0,0,1
133198518833858625,-0.0769258,-0.170243,0.982395,-4.35832,-0.995268,-0.0455565,-0.0858285,0.154231,0.0593663,-0.984348,-0.165932,-0.121897,0,0,0,1
133198518834192281,-0.0766176,-0.170581,0.98236,-4.35848,-0.995304,-0.0453808,-0.0855071,0.154293,0.0591662,-0.984298,-0.166303,-0.121851,0,0,0,1
133198518834517470,-0.0762634,-0.170696,0.982368,-4.35866,-0.995336,-0.0453396,-0.0851481,0.154393,0.0590745,-0.98428,-0.166443,-0.121788,0,0,0,1
133198518835501392,-0.0747063,-0.171444,0.982357,-4.35909,-0.99544,-0.0457772,-0.0836905,0.154673,0.0593179,-0.98413,-0.167243,-0.121793,0,0,0,1
133198518835836446,-0.0748947,-0.171516,0.982331,-4.35915,-0.995409,-0.0460207,-0.083927,0.154649,0.0596024,-0.984106,-0.167282,-0.121803,0,0,0,1
133198518836165294,-0.075042,-0.171124,0.982388,-4.35919,-0.995378,-0.0463502,-0.0841081,0.154641,0.0599267,-0.984159,-0.166855,-0.121701,0,0,0,1
133198518836821660,-0.0748941,-0.169609,0.982661,-4.35915,-0.995412,-0.0461282,-0.0838278,0.154689,0.0595464,-0.984431,-0.165376,-0.12138,0,0,0,1
133198518837155734,-0.0746086,-0.169545,0.982694,-4.35911,-0.99546,-0.0457346,-0.0834685,0.154727,0.059095,-0.98446,-0.165363,-0.121306,0,0,0,1
133198518840781309,-0.0789487,-0.171919,0.981942,-4.35717,-0.995069,-0.0457394,-0.0880122,0.154031,0.0600446,-0.984049,-0.16746,-0.121401,0,0,0,1
133198518841110966,-0.0789109,-0.171829,0.981961,-4.35692,-0.995094,-0.0453913,-0.0879092,0.15405,0.059678,-0.98408,-0.167404,-0.121244,0,0,0,1
133198518841444828,-0.0789919,-0.172158,0.981897,-4.35664,-0.9951,-0.045136,-0.0879677,0.154041,0.0594631,-0.984035,-0.167749,-0.121145,0,0,0,1
133198518841777330,-0.0791736,-0.172599,0.981805,-4.35633,-0.995083,-0.0451086,-0.0881745,0.15398,0.0595069,-0.983958,-0.168179,-0.12108,0,0,0,1
133198518842167603,-0.0798389,-0.17277,0.981721,-4.3559,-0.995029,-0.0449899,-0.0888387,0.153894,0.0595162,-0.983934,-0.168319,-0.120977,0,0,0,1
133198518842433623,-0.0802466,-0.172767,0.981688,-4.35561,-0.994994,-0.0449727,-0.0892488,0.153779,0.0595682,-0.983936,-0.168293,-0.12087,0,0,0,1
133198518842768091,-0.0809014,-0.172595,0.981665,-4.35521,-0.994946,-0.0447839,-0.0898696,0.153672,0.0594737,-0.983974,-0.1681,-0.120725,0,0,0,1
133198518843098882,-0.081341,-0.172326,0.981676,-4.35482,-0.994923,-0.0445273,-0.0902552,0.153606,0.0592647,-0.984033,-0.167829,-0.120562,0,0,0,1
133198518843425498,-0.0814333,-0.172091,0.981709,-4.35443,-0.994931,-0.0442702,-0.0902905,0.153582,0.0589986,-0.984086,-0.167614,-0.120451,0,0,0,1
133198518843752539,-0.0814193,-0.171959,0.981734,-4.35406,-0.994933,-0.0442669,-0.0902676,0.153614,0.0589805,-0.984109,-0.167484,-0.1204,0,0,0,1
133198518844079446,-0.0814021,-0.172045,0.98172,-4.35372,-0.994903,-0.0447912,-0.0903449,0.153611,0.0595159,-0.98407,-0.167521,-0.120373,0,0,0,1
133198518844417108,-0.0811443,-0.172712,0.981624,-4.35341,-0.994918,-0.0448656,-0.090137,0.153608,0.0596089,-0.98395,-0.168194,-0.120375,0,0,0,1
133198518844748491,-0.081256,-0.174343,0.981327,-4.35322,-0.99492,-0.0445226,-0.0902913,0.153579,0.0594327,-0.983678,-0.16984,-0.120346,0,0,0,1
133198518845071895,-0.0810161,-0.175883,0.981072,-4.35305,-0.994941,-0.044385,-0.0901185,0.153511,0.0593951,-0.98341,-0.171397,-0.120287,0,0,0,1
133198518845405828,-0.0815256,-0.176093,0.980992,-4.35284,-0.994934,-0.0437087,-0.0905301,0.153498,0.0588194,-0.983403,-0.171637,-0.119933,0,0,0,1
133198518849029662,-0.090006,-0.15752,0.983406,-4.35139,-0.994399,-0.0407209,-0.0975344,0.151416,0.0554085,-0.986676,-0.152972,-0.116248,0,0,0,1
133198518849360469,-0.0894636,-0.159514,0.983134,-4.3505,-0.994381,-0.0417924,-0.0972677,0.151309,0.0566029,-0.986311,-0.154878,-0.116219,0,0,0,1
133198518849696110,-0.0899856,-0.161089,0.982829,-4.34927,-0.99439,-0.0405515,-0.0976906,0.151325,0.055592,-0.986107,-0.156537,-0.115883,0,0,0,1
133198518850026126,-0.0898361,-0.161913,0.982707,-4.3478,-0.994558,-0.0376949,-0.09713,0.151533,0.0527696,-0.986085,-0.157646,-0.115279,0,0,0,1
133198518852661640,-0.0846043,-0.184376,0.979208,-4.33742,-0.995249,-0.0318818,-0.0919935,0.152077,0.0481804,-0.982338,-0.180803,-0.111227,0,0,0,1
133198518852994624,-0.0870584,-0.184791,0.978914,-4.33723,-0.99507,-0.0307313,-0.0942961,0.151872,0.0475082,-0.982297,-0.181205,-0.110846,0,0,0,1
133198518853535923,-0.0911629,-0.183209,0.978838,-4.33769,-0.994759,-0.0289531,-0.0980648,0.151606,0.0463068,-0.982648,-0.179609,-0.110608,0,0,0,1
133198518853812037,-0.0916373,-0.181425,0.979126,-4.33819,-0.994737,-0.0285821,-0.0983945,0.151696,0.0458369,-0.982989,-0.177851,-0.110639,0,0,0,1
133198518854173486,-0.0913785,-0.177326,0.979901,-4.33889,-0.994841,-0.0272741,-0.0977074,0.151925,0.0440521,-0.983774,-0.173918,-0.110835,0,0,0,1
133198518854439372,-0.0928162,-0.174274,0.980313,-4.33948,-0.994725,-0.0269588,-0.0989733,0.151938,0.0436765,-0.984328,-0.170853,-0.11119,0,0,0,1
133198518854725475,-0.0933448,-0.171276,0.980791,-4.34015,-0.994635,-0.0280681,-0.0995639,0.151988,0.0445819,-0.984823,-0.167737,-0.111765,0,0,0,1
133198518855049821,-0.0921865,-0.167578,0.981539,-4.34083,-0.994686,-0.0298843,-0.0985232,0.152174,0.0458429,-0.985406,-0.163933,-0.112555,0,0,0,1
133198518855374750,-0.0913639,-0.164903,0.982069,-4.34153,-0.994652,-0.0325798,-0.0980053,0.152364,0.048157,-0.985771,-0.161045,-0.113472,0,0,0,1
133198518855702847,-0.0904701,-0.162991,0.982471,-4.3422,-0.994565,-0.0362564,-0.0975989,0.152502,0.0515288,-0.985961,-0.158825,-0.114404,0,0,0,1
133198518856037461,-0.0880842,-0.1609,0.983032,-4.34271,-0.994594,-0.0402814,-0.0957133,0.152764,0.0549982,-0.986148,-0.156482,-0.115187,0,0,0,1
133198518856390514,-0.0854861,-0.159432,0.983501,-4.34309,-0.99459,-0.0448172,-0.0937151,0.152951,0.0590189,-0.986191,-0.154738,-0.115763,0,0,0,1
133198518856709474,-0.0837386,-0.158509,0.9838,-4.34331,-0.994596,-0.0475131,-0.0923126,0.153073,0.0613757,-0.986214,-0.153674,-0.116121,0,0,0,1
133198518857029738,-0.083135,-0.158063,0.983923,-4.34345,-0.994582,-0.0486695,-0.0918542,0.153104,0.0624058,-0.986229,-0.15316,-0.116327,0,0,0,1
133198518857358530,-0.0826688,-0.157629,0.984032,-4.34347,-0.994601,-0.0491107,-0.0914235,0.153131,0.0627373,-0.986277,-0.152718,-0.116462,0,0,0,1
133198518857685278,-0.0826509,-0.15697,0.984139,-4.34345,-0.994585,-0.0494401,-0.0914138,0.153074,0.0630051,-0.986365,-0.152033,-0.116578,0,0,0,1
133198518859990333,-0.0820439,-0.150862,0.985144,-4.34217,-0.994193,-0.0566773,-0.0914769,0.152426,0.0696358,-0.986929,-0.145336,-0.118876,0,0,0,1
133198518860321491,-0.0820594,-0.152205,0.984937,-4.34197,-0.994016,-0.0589972,-0.0919327,0.152261,0.0721008,-0.986587,-0.146453,-0.119619,0,0,0,1
133198518860652726,-0.0820589,-0.153071,0.984802,-4.34164,-0.993892,-0.0605879,-0.0922336,0.152163,0.0737853,-0.986356,-0.147164,-0.120232,0,0,0,1
133198518860978707,-0.0823138,-0.153355,0.984736,-4.34125,-0.993767,-0.0618932,-0.0927078,0.152079,0.0751662,-0.98623,-0.147305,-0.120667,0,0,0,1
133198518861366870,-0.0834386,-0.153445,0.984628,-4.34073,-0.99347,-0.0643493,-0.0942162,0.151832,0.0778171,-0.98606,-0.147074,-0.121049,0,0,0,1
133198518862951375,-0.0859145,-0.15258,0.98455,-4.33847,-0.992914,-0.068325,-0.0972328,0.151136,0.082105,-0.985927,-0.145629,-0.120427,0,0,0,1
133198518863285797,-0.0868187,-0.151394,0.984653,-4.338,-0.992924,-0.0672305,-0.0978851,0.151062,0.0810182,-0.986184,-0.144486,-0.120081,0,0,0,1
133198518864932458,-0.0893264,-0.150732,0.984531,-4.33677,-0.99282,-0.0654843,-0.100104,0.151003,0.0795601,-0.986403,-0.1438,-0.120072,0,0,0,1
133198518865260329,-0.0888298,-0.153447,0.984156,-4.33685,-0.992835,-0.0656408,-0.0998474,0.151117,0.0799218,-0.985975,-0.146517,-0.120564,0,0,0,1
133198518865592956,-0.0874755,-0.156287,0.983831,-4.3369,-0.992898,-0.0662663,-0.0988082,0.151289,0.080637,-0.985487,-0.14938,-0.121132,0,0,0,1
133198518865926622,-0.0859578,-0.158457,0.983617,-4.33682,-0.992976,-0.0669399,-0.0975593,0.151477,0.0813021,-0.985094,-0.15159,-0.121616,0,0,0,1
133198518866262084,-0.0851612,-0.159534,0.983512,-4.33656,-0.992994,-0.0675683,-0.0969424,0.15154,0.0819199,-0.984877,-0.152661,-0.12194,0,0,0,1
133198518866587531,-0.0859976,-0.160062,0.983354,-4.33617,-0.992885,-0.0678289,-0.0978719,0.151464,0.0823656,-0.984774,-0.15309,-0.122103,0,0,0,1
133198518866925723,-0.0870783,-0.160306,0.983219,-4.3357,-0.992847,-0.0669632,-0.0988488,0.151369,0.0816853,-0.984793,-0.153328,-0.12216,0,0,0,1
133198518867243499,-0.0879807,-0.160927,0.983037,-4.33528,-0.992835,-0.0659442,-0.0996527,0.151315,0.0808622,-0.984761,-0.153972,-0.122171,0,0,0,1
133198518867590279,-0.0884376,-0.162052,0.982811,-4.33486,-0.992863,-0.0649207,-0.100047,0.151339,0.0800175,-0.984644,-0.155154,-0.122146,0,0,0,1
133198518867913353,-0.0884703,-0.163496,0.982569,-4.33454,-0.99289,-0.0643947,-0.100115,0.151381,0.0796406,-0.98444,-0.156637,-0.122075,0,0,0,1
