375.646,199.865,760,428
133198543210853184,590.042,589.735,-0.964511,0.00498682,0.264006,0.514745,0.0502466,0.98502,0.164964,0.128557,-0.259227,0.172374,-0.950312,1.41465,0,0,0,1
133198543211519578,590.042,589.735,-0.964436,0.00383815,0.2643,0.515076,0.0492029,0.985027,0.165238,0.1286,-0.259707,0.172365,-0.950183,1.41655,0,0,0,1
133198543211852775,590.042,589.735,-0.964403,0.00339521,0.264425,0.515196,0.048928,0.984946,0.165803,0.128563,-0.259879,0.172838,-0.95005,1.41755,0,0,0,1
133198543212185973,590.042,589.735,-0.964369,0.00295357,0.264555,0.515181,0.0484354,0.98501,0.165562,0.12863,-0.260099,0.172476,-0.950055,1.41867,0,0,0,1
133198543212519170,590.042,589.735,-0.964324,0.0027715,0.264724,0.51513,0.0479776,0.985218,0.164456,0.128834,-0.260354,0.171289,-0.950201,1.41991,0,0,0,1
133198543212852367,590.042,589.735,-0.964264,0.00183038,0.264949,0.514948,0.0467798,0.985444,0.163444,0.129025,-0.260792,0.169996,-0.950312,1.42119,0,0,0,1
133198543213185564,590.042,589.735,-0.96435,0.000720645,0.264639,0.51477,0.0456423,0.985466,0.163638,0.129049,-0.260673,0.169883,-0.950366,1.42258,0,0,0,1
133198543213518761,590.042,589.735,-0.964687,-7.55013e-05,0.263411,0.514582,0.0448794,0.985333,0.164644,0.12898,-0.259559,0.170651,-0.950533,1.42398,0,0,0,1
133198543213851959,590.042,589.735,-0.964901,-0.000671607,0.262623,0.514249,0.0439731,0.985468,0.164081,0.129103,-0.258915,0.16987,-0.950848,1.42552,0,0,0,1
133198543214185156,590.042,589.735,-0.965317,-8.19725e-05,0.261092,0.513887,0.044383,0.985395,0.164403,0.129169,-0.257291,0.170288,-0.951214,1.427,0,0,0,1
133198543214518353,590.042,589.735,-0.965836,-0.000134868,0.259165,0.513388,0.0441509,0.985297,0.16505,0.129195,-0.255376,0.170853,-0.951629,1.42843,0,0,0,1
133198543214851550,590.042,589.735,-0.965859,-0.001118,0.259077,0.512474,0.0424111,0.98582,0.162367,0.129493,-0.255583,0.16781,-0.952114,1.42991,0,0,0,1
133198543215184747,590.042,589.735,-0.966017,-0.0026186,0.258478,0.51154,0.0410202,0.985726,0.163292,0.129392,-0.255214,0.168345,-0.952119,1.43131,0,0,0,1
133198543215517945,590.042,589.735,-0.966287,-0.00332795,0.257456,0.51075,0.0405602,0.985466,0.164969,0.129114,-0.254262,0.169849,-0.952107,1.4327,0,0,0,1
133198543215851142,590.042,589.735,-0.96643,-0.00379346,0.256915,0.510025,0.0400841,0.985424,0.165334,0.128951,-0.253796,0.170081,-0.95219,1.43404,0,0,0,1
133198543216184339,590.042,589.735,-0.966983,-0.00339323,0.254829,0.509559,0.0407765,0.984971,0.167848,0.128544,-0.251567,0.172696,-0.952311,1.43535,0,0,0,1
133198543216517536,590.042,589.735,-0.967526,-0.00207131,0.252777,0.509085,0.0420582,0.984711,0.16905,0.128296,-0.249261,0.174191,-0.952644,1.43659,0,0,0,1
133198543216850733,590.042,589.735,-0.967603,-0.000980892,0.252485,0.508371,0.0426931,0.984959,0.16744,0.128375,-0.24885,0.172794,-0.953006,1.43789,0,0,0,1
133198543217183931,590.042,589.735,-0.967616,-0.0004155,0.252439,0.50755,0.0431185,0.985032,0.166897,0.128314,-0.248729,0.172376,-0.953113,1.43921,0,0,0,1
133198543217517127,590.042,589.735,-0.967434,-0.000826845,0.253135,0.506784,0.0428947,0.984999,0.167153,0.128229,-0.249474,0.172567,-0.952884,1.44061,0,0,0,1
133198543217850325,590.042,589.735,-0.967195,-0.00185537,0.254038,0.505988,0.041934,0.985091,0.16685,0.128178,-0.250559,0.172028,-0.952697,1.44208,0,0,0,1
133198543218183522,590.042,589.735,-0.967147,-0.00378971,0.254201,0.505233,0.0400878,0.985108,0.167207,0.128165,-0.251048,0.171903,-0.952591,1.44352,0,0,0,1
133198543218516719,590.042,589.735,-0.966713,-0.00541256,0.255818,0.504401,0.0379357,0.985697,0.16421,0.128616,-0.253046,0.168448,-0.95268,1.44492,0,0,0,1
133198543218849916,590.042,589.735,-0.96594,-0.00615908,0.258706,0.503549,0.0363033,0.986607,0.159036,0.129328,-0.256219,0.16301,-0.952777,1.44642,0,0,0,1
133198543219183113,590.042,589.735,-0.965253,-0.00804666,0.261203,0.502853,0.0342873,0.986987,0.157111,0.129645,-0.259067,0.160607,-0.952415,1.44792,0,0,0,1
133198543219516311,590.042,589.735,-0.964738,-0.00994456,0.263037,0.502444,0.0323752,0.987217,0.156065,0.129765,-0.261225,0.159077,-0.952083,1.4494,0,0,0,1
133198543219849508,590.042,589.735,-0.964633,-0.0124586,0.263315,0.502374,0.0304054,0.986958,0.158085,0.129541,-0.261849,0.160499,-0.951672,1.45081,0,0,0,1
133198543220182705,590.042,589.735,-0.964981,-0.0145658,0.261924,0.502587,0.0286078,0.98666,0.160266,0.129255,-0.260763,0.162146,-0.951691,1.452,0,0,0,1
133198543220515902,590.042,589.735,-0.965601,-0.0164483,0.25952,0.503007,0.0267445,0.986425,0.162028,0.128993,-0.258661,0.163394,-0.952052,1.45296,0,0,0,1
133198543220849099,590.042,589.735,-0.96618,-0.0179434,0.257255,0.503513,0.0251719,0.986252,0.163329,0.128804,-0.256647,0.16428,-0.952444,1.45356,0,0,0,1
133198543221182297,590.042,589.735,-0.966671,-0.0186515,0.255356,0.50396,0.0245447,0.986,0.164934,0.128495,-0.254856,0.165704,-0.952678,1.4539,0,0,0,1
133198543221515494,590.042,589.735,-0.966956,-0.0191466,0.254237,0.504283,0.0247881,0.985393,0.168488,0.127852,-0.253748,0.169222,-0.952356,1.45396,0,0,0,1
133198543221848691,590.042,589.735,-0.967065,-0.0196572,0.253782,0.504283,0.0252817,0.984667,0.172608,0.127037,-0.253283,0.173338,-0.951739,1.45361,0,0,0,1
133198543222181888,590.042,589.735,-0.967168,-0.0206137,0.253313,0.504199,0.025372,0.983896,0.176938,0.12631,-0.25288,0.177555,-0.951068,1.45289,0,0,0,1
133198543222515086,590.042,589.735,-0.967328,-0.0225263,0.252535,0.503951,0.0238157,0.983569,0.178961,0.125964,-0.252415,0.179128,-0.950897,1.45184,0,0,0,1
133198543222848282,590.042,589.735,-0.967533,-0.0251892,0.251499,0.503824,0.0209999,0.983572,0.179299,0.126043,-0.251882,0.178759,-0.951108,1.45051,0,0,0,1
133198543223181480,590.042,589.735,-0.967871,-0.0273019,0.249973,0.503841,0.0182957,0.983809,0.17829,0.126403,-0.250792,0.177134,-0.951699,1.44916,0,0,0,1
133198543223514677,590.042,589.735,-0.968325,-0.0283325,0.248092,0.504005,0.0162044,0.98432,0.175659,0.12729,-0.249177,0.174115,-0.952681,1.44794,0,0,0,1
133198543223847874,590.042,589.735,-0.968797,-0.0285791,0.246215,0.504007,0.0148117,0.984882,0.172601,0.127995,-0.247423,0.170861,-0.953726,1.44702,0,0,0,1
133198543224181071,590.042,589.735,-0.969093,-0.0289694,0.244999,0.504017,0.0136793,0.985246,0.170607,0.128473,-0.246324,0.168685,-0.954398,1.44641,0,0,0,1
133198543224514268,590.042,589.735,-0.969122,-0.0293309,0.244841,0.503923,0.0131479,0.985344,0.170083,0.128696,-0.246239,0.16805,-0.954531,1.44617,0,0,0,1
133198543224847465,590.042,589.735,-0.969115,-0.0295959,0.244838,0.503891,0.0131977,0.985129,0.171323,0.128694,-0.246265,0.169262,-0.954311,1.44618,0,0,0,1
133198543225180663,590.042,589.735,-0.969196,-0.0299103,0.244479,0.504062,0.0133656,0.984752,0.173464,0.128643,-0.245938,0.171387,-0.954016,1.44634,0,0,0,1
133198543225513860,590.042,589.735,-0.969386,-0.0300222,0.243712,0.504424,0.0136213,0.984397,0.175447,0.128594,-0.245174,0.173394,-0.95385,1.44656,0,0,0,1
133198543225847057,590.042,589.735,-0.969845,-0.028811,0.242029,0.505075,0.0151131,0.983972,0.177693,0.128484,-0.243267,0.175992,-0.953862,1.44675,0,0,0,1
133198543226180254,590.042,589.735,-0.970617,-0.0258697,0.23925,0.505887,0.0183207,0.983378,0.180658,0.128187,-0.239944,0.179732,-0.954007,1.44673,0,0,0,1
133198543226513451,590.042,589.735,-0.971324,-0.022441,0.236713,0.506731,0.0218372,0.982912,0.18279,0.127991,-0.236767,0.182716,-0.954233,1.4464,0,0,0,1
133198543226846648,590.042,589.735,-0.972089,-0.0190643,0.233848,0.507546,0.0248227,0.982745,0.183305,0.128069,-0.233306,0.183993,-0.95484,1.44585,0,0,0,1
133198543227179846,590.042,589.735,-0.973009,-0.0159476,0.230229,0.508477,0.0268411,0.983021,0.181531,0.128442,-0.229212,0.18281,-0.956058,1.44511,0,0,0,1
133198543227513043,590.042,589.735,-0.974001,-0.0133887,0.226161,0.509389,0.0277629,0.983677,0.177801,0.129107,-0.224847,0.179456,-0.957729,1.44441,0,0,0,1
133198543227846240,590.042,589.735,-0.974923,-0.0121945,0.222225,0.510223,0.0274406,0.984295,0.174399,0.129874,-0.220859,0.176123,-0.959274,1.44377,0,0,0,1
133198543228179437,590.042,589.735,-0.97576,-0.0104638,0.218605,0.511068,0.0279769,0.9847,0.172011,0.130351,-0.217059,0.173957,-0.960536,1.44334,0,0,0,1
133198543228512634,590.042,589.735,-0.976656,-0.00775905,0.214682,0.511996,0.0295594,0.98499,0.170075,0.130668,-0.212777,0.17245,-0.961765,1.44305,0,0,0,1
133198543228845832,590.042,589.735,-0.977582,-0.00469135,0.210513,0.512908,0.0315796,0.98518,0.168605,0.130837,-0.208182,0.171472,-0.962945,1.44293,0,0,0,1
133198543229179028,590.042,589.735,-0.978388,-0.00172253,0.206786,0.513679,0.0337714,0.985211,0.167993,0.130962,-0.204016,0.171345,-0.963859,1.44287,0,0,0,1
133198543229512226,590.042,589.735,-0.979003,0.00125098,0.203858,0.514149,0.036086,0.985255,0.167253,0.131048,-0.200641,0.171097,-0.964611,1.44286,0,0,0,1
133198543229845423,590.042,589.735,-0.979484,0.00351094,0.201508,0.514265,0.0379762,0.985154,0.16743,0.130909,-0.197926,0.171647,-0.965074,1.44287,0,0,0,1
133198543230178620,590.042,589.735,-0.979706,0.00331937,0.200424,0.514055,0.0380706,0.984748,0.169787,0.130435,-0.196801,0.173971,-0.964888,1.44268,0,0,0,1
133198543230511818,590.042,589.735,-0.979571,0.00122823,0.201112,0.513465,0.0369374,0.984071,0.173909,0.129762,-0.197692,0.177784,-0.96401,1.44227,0,0,0,1
133198543230845014,590.042,589.735,-0.979132,-0.00175154,0.203229,0.511957,0.0351239,0.98346,0.177702,0.129906,-0.200177,0.181132,-0.962874,1.44309,0,0,0,1
133198543231178212,590.042,589.735,-0.978741,-0.00463804,0.205063,0.511518,0.032953,0.983204,0.179523,0.129532,-0.20245,0.182463,-0.962147,1.44237,0,0,0,1
133198543231511409,590.042,589.735,-0.978521,-0.00640452,0.206062,0.51123,0.0313822,0.983244,0.179587,0.129419,-0.203758,0.182196,-0.961922,1.44169,0,0,0,1
133198543231844606,590.042,589.735,-0.978553,-0.00686419,0.205894,0.511713,0.0307028,0.983425,0.178711,0.128896,-0.203706,0.1812,-0.962121,1.44001,0,0,0,1
133198543232177803,590.042,589.735,-0.97858,-0.00762897,0.20574,0.511629,0.0297168,0.983617,0.177821,0.129055,-0.203724,0.180126,-0.962318,1.4395,0,0,0,1
133198543232511000,590.042,589.735,-0.978497,-0.00846636,0.206104,0.511382,0.0286232,0.98392,0.176312,0.129322,-0.204281,0.17842,-0.962518,1.43907,0,0,0,1
133198543233510592,590.042,589.735,-0.97753,-0.0108102,0.210533,0.510571,0.0260546,0.984834,0.171546,0.130127,-0.209193,0.173177,-0.962421,1.43792,0,0,0,1
133198543233843789,590.042,589.735,-0.9771,-0.0107459,0.212522,0.510407,0.026366,0.984917,0.171025,0.130092,-0.211152,0.172712,-0.962076,1.4376,0,0,0,1
133198543234176986,590.042,589.735,-0.976725,-0.0103144,0.214262,0.510414,0.0271571,0.984862,0.171212,0.130099,-0.212783,0.173045,-0.961657,1.43731,0,0,0,1
133198543234510184,590.042,589.735,-0.97634,-0.0100955,0.216018,0.510481,0.0277566,0.984799,0.17148,0.130073,-0.214464,0.173418,-0.961217,1.43698,0,0,0,1
133198543234843381,590.042,589.735,-0.97604,-0.00954049,0.217393,0.510505,0.0285395,0.984798,0.171357,0.129995,-0.215721,0.173455,-0.960928,1.43663,0,0,0,1
133198543235176578,590.042,589.735,-0.975935,-0.0094062,0.217871,0.510584,0.0286208,0.984905,0.170729,0.129967,-0.216186,0.172856,-0.960932,1.43631,0,0,0,1
133198543235509775,590.042,589.735,-0.975914,-0.0101263,0.217935,0.510713,0.0278617,0.98496,0.170535,0.129984,-0.216382,0.172499,-0.960951,1.43601,0,0,0,1
133198543235842972,590.042,589.735,-0.97593,-0.0100344,0.217867,0.510871,0.0278211,0.985055,0.169996,0.130036,-0.216315,0.171966,-0.961063,1.43567,0,0,0,1
133198543236176169,590.042,589.735,-0.975983,-0.00918287,0.217666,0.511058,0.0284639,0.985174,0.169195,0.130112,-0.21599,0.171327,-0.96125,1.43535,0,0,0,1
133198543236509366,590.042,589.735,-0.976186,-0.00756095,0.216819,0.511284,0.0296925,0.985334,0.16805,0.130193,-0.214907,0.170486,-0.961642,1.43508,0,0,0,1
133198543236842564,590.042,589.735,-0.976527,-0.00597681,0.215328,0.51142,0.0308835,0.985405,0.167414,0.130158,-0.213183,0.170134,-0.962088,1.43488,0,0,0,1
133198543237175761,590.042,589.735,-0.976889,-0.00492083,0.213706,0.511438,0.0317981,0.985268,0.168046,0.130057,-0.211383,0.170957,-0.962339,1.43478,0,0,0,1
133198543237508958,590.042,589.735,-0.977167,-0.00444622,0.212441,0.511243,0.0322257,0.985117,0.168851,0.129832,-0.210028,0.171841,-0.962478,1.43465,0,0,0,1
133198543237842155,590.042,589.735,-0.977292,-0.00471422,0.211856,0.5108,0.0319713,0.98503,0.169407,0.129758,-0.209481,0.172333,-0.962509,1.43442,0,0,0,1
133198543238175352,590.042,589.735,-0.977229,-0.00535208,0.212136,0.51016,0.0314075,0.985026,0.169538,0.12968,-0.209864,0.17234,-0.962425,1.43412,0,0,0,1
133198543238508549,590.042,589.735,-0.977023,-0.00611112,0.213061,0.509462,0.0307419,0.985099,0.169231,0.129773,-0.210919,0.171892,-0.962274,1.43371,0,0,0,1
133198543238841747,590.042,589.735,-0.976803,-0.00705908,0.214036,0.508728,0.0297971,0.985257,0.168484,0.129799,-0.212068,0.170953,-0.962189,1.43326,0,0,0,1
133198543239174944,590.042,589.735,-0.976634,-0.0082201,0.214763,0.508119,0.0286013,0.985411,0.167785,0.129875,-0.213007,0.170007,-0.962149,1.43276,0,0,0,1
133198543239508141,590.042,589.735,-0.976539,-0.00966125,0.215139,0.507691,0.0272198,0.985446,0.167811,0.129932,-0.213627,0.16973,-0.962061,1.43237,0,0,0,1
133198543239841338,590.042,589.735,-0.976561,-0.00963459,0.215039,0.507441,0.0271542,0.985505,0.167474,0.129924,-0.213534,0.169388,-0.962141,1.432,0,0,0,1
133198543240174535,590.042,589.735,-0.976711,-0.0085915,0.214402,0.507374,0.0280142,0.985542,0.167116,0.129899,-0.212735,0.16923,-0.962346,1.43169,0,0,0,1
133198543240507732,590.042,589.735,-0.976976,-0.00792604,0.213216,0.50731,0.028525,0.985489,0.167342,0.129835,-0.211447,0.169571,-0.96257,1.4314,0,0,0,1
133198543240840930,590.042,589.735,-0.977257,-0.00807882,0.211919,0.507132,0.0281688,0.985477,0.167472,0.129773,-0.210192,0.169632,-0.962834,1.43109,0,0,0,1
133198543241174126,590.042,589.735,-0.977449,-0.00860084,0.211013,0.506865,0.0274222,0.985544,0.167199,0.129766,-0.209398,0.169215,-0.96308,1.43083,0,0,0,1
133198543241507324,590.042,589.735,-0.977545,-0.0090764,0.210543,0.506577,0.026878,0.985545,0.167284,0.129743,-0.209016,0.169187,-0.963169,1.43061,0,0,0,1
133198543241840521,590.042,589.735,-0.977551,-0.00952013,0.210501,0.506232,0.0264893,0.985504,0.167589,0.129666,-0.209042,0.169403,-0.963125,1.43043,0,0,0,1
133198543242173718,590.042,589.735,-0.977472,-0.0101846,0.210833,0.505862,0.0259676,0.985448,0.167999,0.129569,-0.209474,0.169689,-0.96298,1.4303,0,0,0,1
133198543242506915,590.042,589.735,-0.97732,-0.0107213,0.21151,0.505554,0.0255566,0.985451,0.168043,0.129554,-0.210232,0.169637,-0.962824,1.43024,0,0,0,1
133198543242840113,590.042,589.735,-0.977148,-0.0108944,0.212294,0.50536,0.0255712,0.985412,0.168272,0.12952,-0.211028,0.169855,-0.962612,1.43021,0,0,0,1
133198543243173310,590.042,589.735,-0.977016,-0.0109758,0.212895,0.505308,0.0256109,0.985399,0.168339,0.129477,-0.211632,0.169922,-0.962467,1.43017,0,0,0,1
133198543243506507,590.042,589.735,-0.976937,-0.011516,0.213231,0.505395,0.0252516,0.98531,0.16891,0.12941,-0.212042,0.170398,-0.962293,1.43017,0,0,0,1
133198543243839704,590.042,589.735,-0.976929,-0.010652,0.213312,0.50567,0.0260596,0.98535,0.168556,0.129443,-0.211981,0.170226,-0.962337,1.43024,0,0,0,1
133198543244172901,590.042,589.735,-0.976948,-0.008613,0.213317,0.506052,0.0279789,0.985404,0.167928,0.129549,-0.211648,0.170025,-0.962446,1.43037,0,0,0,1
133198543244506098,590.042,589.735,-0.977015,-0.00656089,0.213082,0.506547,0.0299351,0.985403,0.167602,0.129552,-0.21107,0.170128,-0.962555,1.4304,0,0,0,1
133198543247504872,590.042,589.735,-0.976564,-0.00332651,0.215216,0.510369,0.034576,0.984473,0.172112,0.128386,-0.212444,0.17552,-0.961283,1.42798,0,0,0,1
133198543247838069,590.042,589.735,-0.976594,-0.00393603,0.215068,0.510855,0.0342027,0.984273,0.173327,0.128156,-0.212365,0.176626,-0.961098,1.42783,0,0,0,1
133198543248837661,590.042,589.735,-0.976957,-0.00220127,0.213437,0.512195,0.0347276,0.984986,0.169119,0.128921,-0.210603,0.172634,-0.962211,1.42839,0,0,0,1
133198543249170858,590.042,589.735,-0.977223,-0.00171028,0.212221,0.512391,0.0350304,0.984953,0.169247,0.128918,-0.209315,0.172826,-0.962457,1.429,0,0,0,1
133198543250170449,590.042,589.735,-0.976783,-0.00766794,0.214108,0.511543,0.030767,0.983982,0.175607,0.127967,-0.212022,0.178117,-0.960898,1.4312,0,0,0,1
133198543250503647,590.042,589.735,-0.97628,-0.0096535,0.216312,0.511225,0.0297343,0.983566,0.178098,0.127514,-0.214474,0.180305,-0.959946,1.43182,0,0,0,1
133198543250836844,590.042,589.735,-0.975913,-0.0109098,0.217901,0.511116,0.0292233,0.983214,0.180113,0.127125,-0.216206,0.182142,-0.95921,1.43248,0,0,0,1
133198543251170041,590.042,589.735,-0.975766,-0.01061,0.218571,0.511287,0.0298572,0.983029,0.181014,0.126834,-0.21678,0.183153,-0.958888,1.4332,0,0,0,1
133198543251503238,590.042,589.735,-0.975799,-0.010078,0.218451,0.511568,0.0304536,0.982943,0.181384,0.126529,-0.21655,0.183647,-0.958846,1.434,0,0,0,1
133198543251836435,590.042,589.735,-0.975932,-0.0111548,0.217802,0.511937,0.0297944,0.982509,0.183826,0.126165,-0.216041,0.18589,-0.958528,1.43483,0,0,0,1
133198543252169633,590.042,589.735,-0.976055,-0.0127855,0.217165,0.512498,0.0284727,0.982177,0.185801,0.125808,-0.215668,0.187535,-0.958292,1.43565,0,0,0,1
133198543252502830,590.042,589.735,-0.976322,-0.0149153,0.215822,0.513253,0.0264647,0.981895,0.187581,0.12566,-0.21471,0.188851,-0.958249,1.43644,0,0,0,1
133198543252836027,590.042,589.735,-0.976759,-0.0138669,0.213903,0.514132,0.0265532,0.982393,0.184941,0.126089,-0.2127,0.186323,-0.959191,1.43745,0,0,0,1
133198543253169224,590.042,589.735,-0.977502,-0.0104904,0.210677,0.514951,0.0285344,0.983008,0.181346,0.126558,-0.208998,0.183277,-0.960591,1.43869,0,0,0,1
133198543253502421,590.042,589.735,-0.978121,-0.00903656,0.207857,0.515415,0.0297617,0.982706,0.182778,0.126578,-0.205912,0.184964,-0.960934,1.44005,0,0,0,1
133198543253835618,590.042,589.735,-0.97882,-0.00690241,0.204621,0.515449,0.0309952,0.982918,0.181429,0.126749,-0.202376,0.183928,-0.961883,1.44159,0,0,0,1
133198543254168815,590.042,589.735,-0.979349,-0.00794172,0.202037,0.515108,0.0293598,0.983054,0.180963,0.126821,-0.200049,0.183157,-0.962517,1.44314,0,0,0,1
133198543254502013,590.042,589.735,-0.979632,-0.010509,0.200542,0.51451,0.0271772,0.982506,0.184249,0.126423,-0.198967,0.185946,-0.962206,1.44445,0,0,0,1
133198543254835210,590.042,589.735,-0.9799,-0.0121795,0.199133,0.513941,0.0256154,0.982194,0.186127,0.12618,-0.197852,0.187486,-0.962138,1.44555,0,0,0,1
133198543255168407,590.042,589.735,-0.980112,-0.0136707,0.197987,0.513371,0.024006,0.982134,0.186659,0.126066,-0.196999,0.187699,-0.962271,1.44637,0,0,0,1
133198543255501604,590.042,589.735,-0.980238,-0.0153171,0.197242,0.512799,0.022445,0.981953,0.187804,0.1259,-0.196557,0.188519,-0.962201,1.4469,0,0,0,1
133198543255834801,590.042,589.735,-0.980232,-0.0173216,0.197109,0.51233,0.0206279,0.981789,0.188866,0.125792,-0.196789,0.189198,-0.962021,1.44726,0,0,0,1
133198543256167999,590.042,589.735,-0.980113,-0.0185611,0.197588,0.512,0.0195336,0.981762,0.189123,0.125778,-0.197493,0.189221,-0.961872,1.44749,0,0,0,1
133198543256501196,590.042,589.735,-0.979933,-0.018211,0.198508,0.511789,0.0200547,0.981761,0.18907,0.125765,-0.198328,0.189256,-0.961693,1.44768,0,0,0,1
133198543256834393,590.042,589.735,-0.979735,-0.0167081,0.199612,0.511669,0.0216249,0.98187,0.188329,0.125813,-0.199138,0.188828,-0.96161,1.44784,0,0,0,1
133198543257167590,590.042,589.735,-0.979554,-0.0151496,0.200625,0.511424,0.0230699,0.982128,0.186806,0.125954,-0.199868,0.187615,-0.961696,1.44806,0,0,0,1
133198543257500787,590.042,589.735,-0.979404,-0.0137263,0.201456,0.511083,0.0243115,0.982415,0.185134,0.126121,-0.200453,0.186218,-0.961846,1.44821,0,0,0,1
133198543257833984,590.042,589.735,-0.979226,-0.0126382,0.202393,0.510632,0.025251,0.982691,0.183537,0.126232,-0.201208,0.184835,-0.961954,1.44834,0,0,0,1
133198543258167181,590.042,589.735,-0.978987,-0.0122396,0.203569,0.510036,0.0256269,0.982903,0.182345,0.126296,-0.202318,0.18373,-0.961934,1.44844,0,0,0,1
133198543258500378,590.042,589.735,-0.97869,-0.0128241,0.204955,0.509282,0.0253016,0.982915,0.182325,0.126208,-0.203789,0.183625,-0.961643,1.4485,0,0,0,1
133198543258833575,590.042,589.735,-0.9784,-0.0142903,0.206242,0.50858,0.0243503,0.9827,0.183611,0.125855,-0.205296,0.184667,-0.961123,1.44845,0,0,0,1
133198543259166773,590.042,589.735,-0.978172,-0.0162893,0.207174,0.507818,0.0228477,0.982452,0.185125,0.125438,-0.206552,0.185817,-0.960632,1.44841,0,0,0,1
133198543259833167,590.042,589.735,-0.977904,-0.0224886,0.207854,0.506421,0.0173388,0.98205,0.187832,0.124889,-0.208345,0.187285,-0.959959,1.44832,0,0,0,1
133198543260166364,590.042,589.735,-0.977848,-0.026007,0.207707,0.505966,0.0138896,0.982006,0.188351,0.124741,-0.208866,0.187063,-0.95989,1.44835,0,0,0,1
133198543260499561,590.042,589.735,-0.97789,-0.0269951,0.207383,0.505822,0.0129079,0.981954,0.188691,0.124688,-0.208732,0.187196,-0.959893,1.44853,0,0,0,1
133198543260832758,590.042,589.735,-0.977874,-0.0254394,0.20766,0.505852,0.014451,0.981998,0.188353,0.124676,-0.208711,0.187186,-0.959899,1.44891,0,0,0,1
133198543261165956,590.042,589.735,-0.977684,-0.0228754,0.208849,0.505921,0.0170979,0.982096,0.187614,0.124605,-0.2094,0.186998,-0.959786,1.44943,0,0,0,1
133198543261499152,590.042,589.735,-0.977357,-0.0207501,0.210589,0.506091,0.0198832,0.981774,0.189021,0.124317,-0.210671,0.188928,-0.959129,1.44997,0,0,0,1
133198543261832350,590.042,589.735,-0.976849,-0.0190151,0.213097,0.506405,0.0226072,0.981293,0.191199,0.123983,-0.212745,0.19159,-0.958143,1.45036,0,0,0,1
133198543262165547,590.042,589.735,-0.976287,-0.017262,0.215804,0.506843,0.025268,0.98092,0.192778,0.123719,-0.215012,0.193659,-0.957221,1.45057,0,0,0,1
133198543262498744,590.042,589.735,-0.975886,-0.0147059,0.217797,0.507451,0.0282547,0.980828,0.192832,0.123696,-0.216455,0.194336,-0.956758,1.45074,0,0,0,1
133198543262831941,590.042,589.735,-0.975924,-0.011243,0.217836,0.508312,0.0317459,0.980718,0.192845,0.123557,-0.215802,0.195117,-0.956747,1.45084,0,0,0,1
133198543263165138,590.042,589.735,-0.976353,-0.00895492,0.216011,0.509255,0.0338667,0.980474,0.193725,0.123221,-0.213526,0.196459,-0.956983,1.45096,0,0,0,1
133198543263498336,590.042,589.735,-0.976846,-0.00923095,0.213757,0.510229,0.0331417,0.980484,0.193799,0.122965,-0.211372,0.196395,-0.957474,1.45111,0,0,0,1
133198543263831533,590.042,589.735,-0.977795,-0.00961891,0.20936,0.511534,0.0319512,0.98043,0.194273,0.122726,-0.207129,0.196648,-0.958349,1.45113,0,0,0,1
133198543264164731,590.042,589.735,-0.979065,-0.0105224,0.203286,0.513102,0.0303027,0.980003,0.196674,0.12231,-0.201289,0.198717,-0.959166,1.45083,0,0,0,1
133198543264497927,590.042,589.735,-0.980233,-0.011743,0.197515,0.514697,0.0285419,0.979406,0.199883,0.121786,-0.195793,0.201569,-0.959709,1.4502,0,0,0,1
133198543264831124,590.042,589.735,-0.98081,-0.0138181,0.194493,0.516065,0.0264306,0.978858,0.202837,0.121346,-0.193182,0.204084,-0.959706,1.44928,0,0,0,1
133198543265164321,590.042,589.735,-0.980824,-0.0149346,0.194338,0.517304,0.0255154,0.978643,0.203987,0.121244,-0.193233,0.205034,-0.959494,1.44821,0,0,0,1
133198543265497519,590.042,589.735,-0.98068,-0.0133716,0.195175,0.518594,0.0271631,0.978692,0.203539,0.12143,-0.193736,0.204908,-0.959419,1.44718,0,0,0,1
133198543265830715,590.042,589.735,-0.980578,-0.0110896,0.195834,0.519929,0.0293028,0.978916,0.202162,0.121813,-0.193945,0.203974,-0.959576,1.44624,0,0,0,1
133198543266163913,590.042,589.735,-0.980511,-0.00952187,0.196251,0.521071,0.030644,0.979192,0.200618,0.122064,-0.194075,0.202722,-0.959815,1.44559,0,0,0,1
133198543266497110,590.042,589.735,-0.980567,-0.00784296,0.196041,0.522093,0.0323466,0.979067,0.200965,0.122107,-0.193512,0.203401,-0.959785,1.44519,0,0,0,1
133198543266830307,590.042,589.735,-0.980628,-0.00673159,0.195782,0.522799,0.0335119,0.978914,0.201516,0.122042,-0.193008,0.204173,-0.959722,1.44497,0,0,0,1
133198543267163504,590.042,589.735,-0.980668,-0.00572084,0.195613,0.523153,0.0343773,0.978994,0.20098,0.122138,-0.192652,0.203819,-0.959869,1.44492,0,0,0,1
133198543267496701,590.042,589.735,-0.980638,-0.00548354,0.195768,0.523214,0.0346138,0.97902,0.200813,0.122258,-0.19276,0.203701,-0.959872,1.44493,0,0,0,1
133198543267829898,590.042,589.735,-0.980388,-0.00597258,0.197,0.522977,0.0341314,0.979295,0.199553,0.12249,-0.19411,0.202363,-0.959883,1.44496,0,0,0,1
133198543268163096,590.042,589.735,-0.979986,-0.0064315,0.198974,0.522472,0.0337628,0.979631,0.197958,0.122756,-0.196192,0.200714,-0.959806,1.44507,0,0,0,1
133198543268496293,590.042,589.735,-0.979608,-0.00670822,0.200819,0.521945,0.033708,0.979794,0.197162,0.122887,-0.198083,0.199911,-0.959586,1.44521,0,0,0,1
133198543268829490,590.042,589.735,-0.979319,-0.00708079,0.20221,0.521478,0.0334334,0.979988,0.196241,0.123031,-0.199551,0.198943,-0.959482,1.44548,0,0,0,1
133198543269162687,590.042,589.735,-0.979191,-0.00750671,0.202817,0.521156,0.0330602,0.980071,0.195892,0.123077,-0.200244,0.19852,-0.959426,1.44579,0,0,0,1
133198543269495884,590.042,589.735,-0.97919,-0.00776401,0.202809,0.520925,0.032817,0.980063,0.195967,0.123016,-0.200286,0.198545,-0.959412,1.44618,0,0,0,1
133198543269829081,590.042,589.735,-0.979248,-0.00817313,0.202517,0.520725,0.0323892,0.980037,0.196171,0.123055,-0.200076,0.198658,-0.959432,1.44665,0,0,0,1
133198543270162278,590.042,589.735,-0.979247,-0.00848445,0.202506,0.520398,0.0320418,0.980081,0.19601,0.123081,-0.200133,0.198431,-0.959467,1.4471,0,0,0,1
133198543270495475,590.042,589.735,-0.979217,-0.0091112,0.202627,0.520015,0.0314393,0.980101,0.196008,0.123107,-0.200378,0.198305,-0.959442,1.44758,0,0,0,1
133198543270828673,590.042,589.735,-0.979212,-0.0101091,0.202605,0.519689,0.0305901,0.97998,0.196745,0.12307,-0.200536,0.198852,-0.959296,1.44802,0,0,0,1
133198543271161870,590.042,589.735,-0.97929,-0.0105848,0.202204,0.519424,0.0303182,0.979711,0.198123,0.122917,-0.200196,0.20015,-0.959097,1.44831,0,0,0,1
133198543271495067,590.042,589.735,-0.979445,-0.0108829,0.201436,0.519231,0.0299463,0.979638,0.198539,0.122824,-0.199492,0.20049,-0.959173,1.4485,0,0,0,1
133198543271828264,590.042,589.735,-0.979653,-0.0109725,0.200413,0.519103,0.0297755,0.979513,0.19918,0.122792,-0.19849,0.201094,-0.959254,1.4486,0,0,0,1
