375.646,199.865,760,428
133198543331803750,590.042,589.735,-0.747064,-0.077584,0.660213,-0.000697732,0.0331781,0.987579,0.153596,0.126769,-0.663927,0.13665,-0.735209,2.73727,0,0,0,1
133198543332136947,590.042,589.735,-0.746605,-0.0792629,0.660533,-0.000667572,0.0312641,0.987601,0.153848,0.126863,-0.664536,0.135515,-0.734869,2.73814,0,0,0,1
133198543332470144,590.042,589.735,-0.746084,-0.0807578,0.660941,-0.00077045,0.030012,0.987532,0.154541,0.12689,-0.665179,0.135136,-0.734357,2.73897,0,0,0,1
133198543332803341,590.042,589.735,-0.745591,-0.0817159,0.661379,-0.00106454,0.0292519,0.987486,0.154984,0.126994,-0.665765,0.134901,-0.733869,2.73981,0,0,0,1
133198543333802933,590.042,589.735,-0.745467,-0.0842363,0.661202,-0.00257647,0.0255903,0.987636,0.154675,0.127342,-0.666054,0.132225,-0.734094,2.74255,0,0,0,1
133198543334136130,590.042,589.735,-0.745972,-0.0858316,0.660428,-0.00319612,0.023894,0.987574,0.155337,0.127305,-0.665553,0.131657,-0.73465,2.7436,0,0,0,1
133198543334469327,590.042,589.735,-0.746988,-0.0865463,0.659185,-0.00383306,0.0235008,0.987436,0.156274,0.127302,-0.664426,0.132226,-0.735567,2.74466,0,0,0,1
133198543334802524,590.042,589.735,-0.748188,-0.0862982,0.657855,-0.00451207,0.0240674,0.987325,0.15689,0.127393,-0.663053,0.133216,-0.736627,2.74574,0,0,0,1
133198543335135721,590.042,589.735,-0.74976,-0.0858914,0.656116,-0.00528824,0.025069,0.987143,0.157873,0.127381,-0.661238,0.134815,-0.737966,2.74661,0,0,0,1
133198543335468918,590.042,589.735,-0.751419,-0.0863094,0.654161,-0.00624442,0.0251225,0.986948,0.159075,0.127346,-0.659351,0.135965,-0.739442,2.74722,0,0,0,1
133198543336801707,590.042,589.735,-0.749339,-0.0877162,0.656355,-0.0118797,0.023342,0.987075,0.158563,0.127341,-0.661778,0.134138,-0.737606,2.74844,0,0,0,1
133198543337134903,590.042,589.735,-0.748543,-0.0878543,0.657245,-0.0133399,0.0225116,0.987247,0.157605,0.127429,-0.662707,0.132769,-0.737018,2.7491,0,0,0,1
133198543337468101,590.042,589.735,-0.749463,-0.0895615,0.655965,-0.0145313,0.0216991,0.986954,0.159544,0.127123,-0.661694,0.133806,-0.737741,2.75005,0,0,0,1
133198543337801298,590.042,589.735,-0.75032,-0.0913787,0.654733,-0.0156401,0.0201956,0.986772,0.160864,0.126935,-0.66077,0.133922,-0.738548,2.75129,0,0,0,1
133198543338134495,590.042,589.735,-0.751055,-0.0937127,0.653559,-0.0167193,0.0180088,0.986601,0.162162,0.126731,-0.659997,0.133562,-0.739304,2.7527,0,0,0,1
133198543339134086,590.042,589.735,-0.752206,-0.0968496,0.651775,-0.0194125,0.0159553,0.986174,0.164953,0.126318,-0.658738,0.134477,-0.74026,2.75818,0,0,0,1
133198543339800480,590.042,589.735,-0.750507,-0.0960661,0.653848,-0.0211556,0.018421,0.985955,0.166005,0.12628,-0.660609,0.136632,-0.738195,2.76265,0,0,0,1
133198543340133678,590.042,589.735,-0.749069,-0.0940038,0.655794,-0.0220261,0.020457,0.98613,0.164722,0.12642,-0.662181,0.136803,-0.736755,2.76502,0,0,0,1
133198543340466875,590.042,589.735,-0.748668,-0.0946428,0.656159,-0.0226331,0.0218004,0.985709,0.16705,0.126186,-0.66259,0.139369,-0.735904,2.76735,0,0,0,1
133198543340800072,590.042,589.735,-0.749129,-0.0959482,0.655443,-0.0229256,0.0224681,0.985207,0.169901,0.125857,-0.662047,0.142004,-0.73589,2.76957,0,0,0,1
133198543341799662,590.042,589.735,-0.752491,-0.0976627,0.651325,-0.0231411,0.022611,0.984532,0.173748,0.125289,-0.658218,0.145471,-0.738642,2.77508,0,0,0,1
133198543342132860,590.042,589.735,-0.753897,-0.0993565,0.649442,-0.0228747,0.0226498,0.983983,0.17683,0.12479,-0.656607,0.148021,-0.739569,2.77652,0,0,0,1
133198543342466058,590.042,589.735,-0.755289,-0.100492,0.647645,-0.0225402,0.0232183,0.983454,0.179675,0.124382,-0.654983,0.150743,-0.740458,2.77771,0,0,0,1
133198543342799255,590.042,589.735,-0.755873,-0.101555,0.646798,-0.0221622,0.0222956,0.983333,0.18045,0.124256,-0.654342,0.150818,-0.741009,2.77863,0,0,0,1
133198543343132452,590.042,589.735,-0.755704,-0.104017,0.646605,-0.0216554,0.0192102,0.983363,0.180642,0.12431,-0.654635,0.148933,-0.741132,2.77925,0,0,0,1
133198543343465648,590.042,589.735,-0.754507,-0.106921,0.647528,-0.0210066,0.0154928,0.983465,0.180444,0.124685,-0.656112,0.146178,-0.740374,2.77954,0,0,0,1
133198543344465240,590.042,589.735,-0.748685,-0.106808,0.65427,-0.01756,0.0119817,0.984596,0.174444,0.126373,-0.662822,0.138442,-0.735871,2.77929,0,0,0,1
133198543344798437,590.042,589.735,-0.745662,-0.107796,0.657551,-0.0162684,0.0101734,0.984873,0.172991,0.12674,-0.66625,0.135682,-0.733285,2.77896,0,0,0,1
133198543345131634,590.042,589.735,-0.741675,-0.109766,0.661721,-0.015105,0.00758373,0.985086,0.171906,0.127009,-0.67072,0.132516,-0.72978,2.77866,0,0,0,1
133198543345464832,590.042,589.735,-0.737768,-0.110702,0.66592,-0.0139159,0.00707435,0.985142,0.171607,0.12711,-0.675021,0.131317,-0.726021,2.77847,0,0,0,1
133198543345798027,590.042,589.735,-0.73404,-0.110658,0.670035,-0.0127292,0.00857844,0.985047,0.172081,0.127053,-0.679056,0.132062,-0.722114,2.77836,0,0,0,1
133198543346131226,590.042,589.735,-0.730831,-0.10934,0.673749,-0.011652,0.0119998,0.984877,0.172849,0.126914,-0.682457,0.134408,-0.718465,2.77816,0,0,0,1
133198543347130816,590.042,589.735,-0.726218,-0.105349,0.67935,-0.00895262,0.0198787,0.984559,0.173929,0.126896,-0.687181,0.139814,-0.712909,2.77648,0,0,0,1
133198543347464014,590.042,589.735,-0.725894,-0.104146,0.67988,-0.00840306,0.0206152,0.984733,0.172855,0.127192,-0.6875,0.13949,-0.712664,2.77562,0,0,0,1
133198543347797211,590.042,589.735,-0.725582,-0.103464,0.680317,-0.00806391,0.0207993,0.984885,0.171966,0.127374,-0.687825,0.138925,-0.712462,2.77474,0,0,0,1
133198543348130408,590.042,589.735,-0.725435,-0.104473,0.68032,-0.00785387,0.0196112,0.984876,0.172153,0.127454,-0.688014,0.138228,-0.712414,2.77396,0,0,0,1
133198543348463606,590.042,589.735,-0.726324,-0.104892,0.679306,-0.00759315,0.0182748,0.984993,0.171633,0.127629,-0.687112,0.137075,-0.713507,2.77341,0,0,0,1
133198543349796394,590.042,589.735,-0.735341,-0.102213,0.669949,-0.00549376,0.0169287,0.985484,0.168935,0.128011,-0.677489,0.135566,-0.722935,2.77339,0,0,0,1
133198543350129591,590.042,589.735,-0.737613,-0.100603,0.667692,-0.00487792,0.0188873,0.98538,0.169336,0.12785,-0.674963,0.137515,-0.724927,2.77359,0,0,0,1
133198543350462788,590.042,589.735,-0.739707,-0.100549,0.66538,-0.00431728,0.0199927,0.985056,0.171082,0.127534,-0.672636,0.139853,-0.726641,2.7736,0,0,0,1
133198543350795985,590.042,589.735,-0.741691,-0.100684,0.663146,-0.00382841,0.0202432,0.984861,0.17217,0.127417,-0.67044,0.141121,-0.728423,2.77343,0,0,0,1
133198543351129182,590.042,589.735,-0.743915,-0.100018,0.660752,-0.00325286,0.0199958,0.984965,0.171607,0.127519,-0.667979,0.140873,-0.730729,2.77316,0,0,0,1
133198543351462380,590.042,589.735,-0.746409,-0.0989444,0.658095,-0.00258708,0.0196411,0.985182,0.170398,0.127774,-0.665201,0.140112,-0.733404,2.77292,0,0,0,1
133198543352461971,590.042,589.735,-0.753405,-0.0909025,0.651247,-0.000447631,0.0229371,0.986164,0.164186,0.128853,-0.65716,0.138636,-0.740895,2.77259,0,0,0,1
133198543352795168,590.042,589.735,-0.755267,-0.0885081,0.649418,0.000305176,0.0252236,0.986183,0.16374,0.128976,-0.654935,0.140047,-0.742598,2.77246,0,0,0,1
133198543353128365,590.042,589.735,-0.756585,-0.0862245,0.64819,0.000998616,0.026941,0.986318,0.162649,0.129161,-0.653344,0.140521,-0.743909,2.77227,0,0,0,1
133198543353461562,590.042,589.735,-0.757683,-0.0844452,0.647141,0.00159729,0.0289629,0.986268,0.162608,0.129137,-0.651983,0.141948,-0.744831,2.77194,0,0,0,1
133198543354461153,590.042,589.735,-0.761601,-0.0875266,0.642114,0.00311005,0.029546,0.985119,0.169325,0.128122,-0.647377,0.14793,-0.74768,2.76984,0,0,0,1
133198543355127548,590.042,589.735,-0.761391,-0.0910984,0.641865,0.00383246,0.0267701,0.984817,0.171528,0.12781,-0.647744,0.147782,-0.747391,2.76787,0,0,0,1
133198543355460745,590.042,589.735,-0.760857,-0.0912918,0.642471,0.00430012,0.0263405,0.984896,0.171143,0.127876,-0.648389,0.147138,-0.746959,2.76697,0,0,0,1
133198543355793942,590.042,589.735,-0.760523,-0.0902344,0.643015,0.0049001,0.0272018,0.985002,0.170398,0.128049,-0.648745,0.147082,-0.74666,2.76622,0,0,0,1
133198543356127139,590.042,589.735,-0.76046,-0.0880518,0.643392,0.00554669,0.0290413,0.985164,0.16915,0.128284,-0.648739,0.147317,-0.746619,2.76556,0,0,0,1
133198543356460336,590.042,589.735,-0.760498,-0.0854616,0.643697,0.00611329,0.0307204,0.985458,0.16713,0.128589,-0.648618,0.146876,-0.746811,2.76499,0,0,0,1
133198543356793533,590.042,589.735,-0.760331,-0.0837272,0.644121,0.00648284,0.0313447,0.985774,0.165137,0.12887,-0.648782,0.145748,-0.746889,2.76445,0,0,0,1
133198543358126322,590.042,589.735,-0.75937,-0.0862125,0.644927,0.00658119,0.0279309,0.985952,0.164687,0.128793,-0.650063,0.143071,-0.746293,2.76236,0,0,0,1
133198543358459519,590.042,589.735,-0.759369,-0.0868401,0.644845,0.00655854,0.0266004,0.986084,0.164119,0.128858,-0.650121,0.141779,-0.74649,2.76197,0,0,0,1
133198543358792716,590.042,589.735,-0.758977,-0.0877136,0.645187,0.0065105,0.0251443,0.986199,0.163653,0.128929,-0.650636,0.140431,-0.746296,2.76156,0,0,0,1
133198543359125913,590.042,589.735,-0.758345,-0.0882197,0.64586,0.00646663,0.0245119,0.986242,0.163494,0.128905,-0.651396,0.139816,-0.745748,2.76117,0,0,0,1
133198543359459110,590.042,589.735,-0.757724,-0.08839,0.646566,0.00649142,0.0244,0.986256,0.163423,0.128864,-0.652123,0.139605,-0.745152,2.76088,0,0,0,1
133198543360458701,590.042,589.735,-0.75749,-0.0877687,0.646925,0.00707662,0.0255814,0.986173,0.163748,0.128647,-0.652349,0.140586,-0.744769,2.76026,0,0,0,1
133198543360791899,590.042,589.735,-0.757984,-0.0870261,0.646446,0.00732994,0.0259188,0.98626,0.163163,0.1287,-0.651762,0.14043,-0.745312,2.76009,0,0,0,1
133198543361125096,590.042,589.735,-0.758298,-0.0867153,0.646119,0.00750971,0.0259797,0.986309,0.162862,0.128729,-0.651393,0.140284,-0.745662,2.75986,0,0,0,1
133198543361458293,590.042,589.735,-0.758178,-0.0861422,0.646336,0.00763786,0.0263677,0.986375,0.162392,0.128776,-0.651517,0.140164,-0.745577,2.75958,0,0,0,1
133198543361791490,590.042,589.735,-0.757592,-0.0858274,0.647066,0.00772679,0.0266388,0.986428,0.16203,0.128828,-0.652188,0.139989,-0.745022,2.75928,0,0,0,1
133198543363124277,590.042,589.735,-0.757379,-0.0849372,0.647432,0.00819528,0.0265399,0.986683,0.16049,0.128947,-0.65244,0.138734,-0.745037,2.7588,0,0,0,1
133198543363457475,590.042,589.735,-0.757457,-0.0843301,0.647419,0.00838554,0.0271555,0.986698,0.160294,0.128964,-0.652323,0.138996,-0.74509,2.75885,0,0,0,1
133198543363790672,590.042,589.735,-0.757628,-0.083315,0.647352,0.00861382,0.0280117,0.986757,0.15978,0.129021,-0.652089,0.139187,-0.74526,2.75902,0,0,0,1
133198543364123870,590.042,589.735,-0.758017,-0.082575,0.646991,0.00882864,0.0290247,0.986702,0.159937,0.129015,-0.651592,0.140014,-0.745539,2.75917,0,0,0,1
133198543364457066,590.042,589.735,-0.758421,-0.0823814,0.646542,0.00903416,0.0295477,0.986616,0.160374,0.128938,-0.651098,0.140734,-0.745835,2.75932,0,0,0,1
133198543364790264,590.042,589.735,-0.758613,-0.0825061,0.646301,0.00912416,0.0295897,0.986565,0.160675,0.128897,-0.650873,0.141014,-0.745978,2.75938,0,0,0,1
133198543366123052,590.042,589.735,-0.755862,-0.0837965,0.649351,0.0090133,0.0290681,0.986505,0.161141,0.128704,-0.65409,0.140675,-0.743224,2.75888,0,0,0,1
133198543366456249,590.042,589.735,-0.755254,-0.084409,0.649978,0.00903583,0.0284927,0.986509,0.16122,0.128687,-0.654816,0.140281,-0.742659,2.75869,0,0,0,1
133198543366789447,590.042,589.735,-0.754691,-0.0849481,0.650562,0.00910413,0.0277953,0.986554,0.161065,0.128687,-0.655495,0.139636,-0.742181,2.75846,0,0,0,1
133198543367122644,590.042,589.735,-0.754046,-0.085021,0.651299,0.00913644,0.0275979,0.986612,0.160744,0.128721,-0.656244,0.139183,-0.741603,2.75822,0,0,0,1
133198543367455840,590.042,589.735,-0.753248,-0.0847229,0.652262,0.00915635,0.0275364,0.98674,0.159968,0.128825,-0.657164,0.138456,-0.740926,2.75796,0,0,0,1
133198543368788629,590.042,589.735,-0.751307,-0.0837247,0.654625,0.00953591,0.0279156,0.987002,0.158273,0.129047,-0.659365,0.137186,-0.739204,2.75687,0,0,0,1
133198543369121826,590.042,589.735,-0.750983,-0.0841459,0.654942,0.00967729,0.0273152,0.987041,0.158134,0.129058,-0.659759,0.136646,-0.738952,2.75655,0,0,0,1
133198543369455023,590.042,589.735,-0.750583,-0.0840888,0.655409,0.00981867,0.0270232,0.987136,0.157596,0.129122,-0.660227,0.136,-0.738653,2.7562,0,0,0,1
133198543369788221,590.042,589.735,-0.750167,-0.0839087,0.655907,0.0099988,0.0266798,0.98727,0.156813,0.129213,-0.660713,0.135135,-0.738377,2.75584,0,0,0,1
133198543370121418,590.042,589.735,-0.749939,-0.0838615,0.656174,0.0102308,0.0263227,0.987365,0.156273,0.129284,-0.660986,0.134467,-0.738255,2.75552,0,0,0,1
133198543371121009,590.042,589.735,-0.750693,-0.0820878,0.655536,0.0112482,0.0267727,0.987657,0.154336,0.129616,-0.660112,0.133409,-0.739229,2.75493,0,0,0,1
133198543371454206,590.042,589.735,-0.751078,-0.0816718,0.655147,0.0115801,0.027074,0.987676,0.154163,0.129652,-0.659662,0.133526,-0.739609,2.75483,0,0,0,1
133198543371787403,590.042,589.735,-0.751234,-0.0812434,0.655022,0.0118543,0.0275589,0.987671,0.154109,0.129662,-0.659464,0.133823,-0.739732,2.75473,0,0,0,1
133198543372120600,590.042,589.735,-0.751319,-0.0806457,0.654998,0.0120682,0.028195,0.987679,0.153948,0.1297,-0.65934,0.134131,-0.739787,2.75461,0,0,0,1
133198543372453797,590.042,589.735,-0.751398,-0.0802425,0.654956,0.0122154,0.0286637,0.987674,0.15389,0.129729,-0.65923,0.134406,-0.739835,2.75446,0,0,0,1
133198543372786995,590.042,589.735,-0.751536,-0.0799468,0.654835,0.0123345,0.028751,0.987719,0.153584,0.129789,-0.659069,0.134251,-0.740006,2.75426,0,0,0,1
133198543373120191,590.042,589.735,-0.751718,-0.0797482,0.654651,0.0123792,0.0284696,0.987814,0.153024,0.129924,-0.658874,0.133668,-0.740285,2.75404,0,0,0,1
133198543373453389,590.042,589.735,-0.751968,-0.079365,0.654408,0.0124152,0.0279917,0.987988,0.151985,0.130095,-0.658608,0.132606,-0.740713,2.75379,0,0,0,1
133198543373786586,590.042,589.735,-0.752311,-0.0789334,0.654066,0.0123528,0.0273948,0.988192,0.150766,0.130299,-0.658241,0.13134,-0.741264,2.75355,0,0,0,1
133198543374119783,590.042,589.735,-0.75279,-0.0786432,0.65355,0.0122484,0.0267088,0.988373,0.149698,0.130498,-0.657722,0.130146,-0.741936,2.75339,0,0,0,1
133198543374452980,590.042,589.735,-0.75334,-0.0792901,0.652839,0.0120624,0.0253916,0.98846,0.149353,0.130527,-0.657145,0.12909,-0.742631,2.75327,0,0,0,1
133198543374786177,590.042,589.735,-0.753747,-0.0807205,0.652193,0.0118061,0.0237482,0.988436,0.149782,0.130446,-0.656739,0.128386,-0.743112,2.75322,0,0,0,1
133198543375119374,590.042,589.735,-0.754132,-0.081981,0.65159,0.0115297,0.0226357,0.988346,0.150548,0.130324,-0.656336,0.128282,-0.743486,2.75322,0,0,0,1
133198543375452571,590.042,589.735,-0.754546,-0.0829491,0.650988,0.0112616,0.021778,0.98827,0.151168,0.130206,-0.655889,0.12824,-0.743888,2.75331,0,0,0,1
133198543375785769,590.042,589.735,-0.755123,-0.0838885,0.650198,0.0110399,0.0212301,0.988132,0.152144,0.130091,-0.655243,0.128691,-0.744379,2.75348,0,0,0,1
133198543376118965,590.042,589.735,-0.755667,-0.0850794,0.649412,0.010778,0.020724,0.987927,0.153543,0.129885,-0.654632,0.129485,-0.744778,2.75363,0,0,0,1
133198543376452163,590.042,589.735,-0.755926,-0.085936,0.648997,0.0105813,0.0211034,0.987635,0.155356,0.129621,-0.65432,0.131134,-0.744764,2.75368,0,0,0,1
133198543376785360,590.042,589.735,-0.755742,-0.0864459,0.649144,0.0104153,0.0221266,0.987314,0.157239,0.12933,-0.6545,0.133195,-0.74424,2.75357,0,0,0,1
133198543377118557,590.042,589.735,-0.754825,-0.0874896,0.650069,0.0102535,0.0219323,0.987146,0.158321,0.129166,-0.655563,0.133762,-0.743203,2.75324,0,0,0,1
133198543377451754,590.042,589.735,-0.753842,-0.0876222,0.651192,0.0101099,0.0219754,0.987154,0.158267,0.129116,-0.656692,0.133618,-0.742231,2.75275,0,0,0,1
133198543377784951,590.042,589.735,-0.7529,-0.0880545,0.652222,0.0101421,0.0218119,0.987128,0.158448,0.129049,-0.657777,0.133521,-0.741287,2.75231,0,0,0,1
133198543378118148,590.042,589.735,-0.752319,-0.0895151,0.652693,0.0103383,0.0204553,0.987076,0.158952,0.12895,-0.658485,0.132934,-0.740764,2.75196,0,0,0,1
133198543378451346,590.042,589.735,-0.752627,-0.0896895,0.652315,0.0107055,0.0195753,0.987196,0.158319,0.128948,-0.65816,0.131925,-0.741233,2.75186,0,0,0,1
133198543378784543,590.042,589.735,-0.753994,-0.0890072,0.650827,0.0111488,0.019254,0.987359,0.157338,0.129213,-0.656602,0.131163,-0.742748,2.75206,0,0,0,1
133198543379117740,590.042,589.735,-0.755797,-0.088542,0.648797,0.0116098,0.0189628,0.987442,0.156848,0.129261,-0.654535,0.130848,-0.744626,2.75257,0,0,0,1
133198543379450937,590.042,589.735,-0.757634,-0.0882931,0.646685,0.0119022,0.0196639,0.987272,0.157832,0.128998,-0.652387,0.132295,-0.746253,2.75329,0,0,0,1
133198543379784134,590.042,589.735,-0.758737,-0.089724,0.645191,0.0119082,0.0205574,0.986678,0.161389,0.128486,-0.651075,0.135715,-0.746785,2.75415,0,0,0,1
133198543380117331,590.042,589.735,-0.759643,-0.0902898,0.644046,0.0116383,0.0226454,0.986045,0.164945,0.127885,-0.64995,0.139884,-0.746996,2.75514,0,0,0,1
133198543380450528,590.042,589.735,-0.760131,-0.0909707,0.643374,0.0109761,0.0245958,0.985415,0.168394,0.127291,-0.649308,0.143825,-0.746806,2.75627,0,0,0,1
133198543382116514,590.042,589.735,-0.764414,-0.0861667,0.638946,0.00320566,0.0323464,0.984657,0.171487,0.127459,-0.643917,0.151754,-0.749897,2.76369,0,0,0,1
133198543382449711,590.042,589.735,-0.767194,-0.0845456,0.635823,0.00140917,0.0333207,0.984685,0.171139,0.127518,-0.640553,0.152483,-0.752626,2.76534,0,0,0,1
133198543383449303,590.042,589.735,-0.770426,-0.0902993,0.631106,-0.00334287,0.030449,0.983579,0.177903,0.126555,-0.636805,0.156277,-0.755025,2.76893,0,0,0,1
133198543383782499,590.042,589.735,-0.770175,-0.0941814,0.630846,-0.00441289,0.0286851,0.982925,0.181765,0.125943,-0.637191,0.158087,-0.754322,2.7696,0,0,0,1
133198543384115697,590.042,589.735,-0.770149,-0.0971997,0.630419,-0.00500822,0.0274958,0.982346,0.185051,0.125483,-0.637275,0.159851,-0.753879,2.76991,0,0,0,1
133198543384448894,590.042,589.735,-0.770646,-0.0971558,0.629818,-0.00513875,0.0275723,0.982303,0.185268,0.125391,-0.63667,0.160141,-0.754328,2.76992,0,0,0,1
133198543384782090,590.042,589.735,-0.770912,-0.0966274,0.629573,-0.00482857,0.0272096,0.982529,0.184118,0.125513,-0.636363,0.159069,-0.754814,2.76966,0,0,0,1
133198543385115288,590.042,589.735,-0.770883,-0.0984116,0.629333,-0.00400579,0.0254743,0.982441,0.184833,0.125468,-0.636471,0.158516,-0.754839,2.76915,0,0,0,1
133198543385448485,590.042,589.735,-0.770846,-0.100194,0.629096,-0.00267267,0.0242867,0.982215,0.186193,0.125388,-0.636561,0.158805,-0.754703,2.76853,0,0,0,1
133198543385781682,590.042,589.735,-0.771043,-0.0997097,0.628932,-0.0008986,0.0248201,0.98221,0.186147,0.12545,-0.636302,0.159137,-0.754851,2.76799,0,0,0,1
133198543386114879,590.042,589.735,-0.771811,-0.0985723,0.628169,0.00121081,0.0260399,0.982184,0.186119,0.125375,-0.635321,0.160006,-0.755493,2.76748,0,0,0,1
133198543386448076,590.042,589.735,-0.773179,-0.0976105,0.626634,0.00346625,0.0274669,0.982005,0.186857,0.125172,-0.633595,0.161685,-0.756584,2.76709,0,0,0,1
133198543386781273,590.042,589.735,-0.774543,-0.0972255,0.625008,0.00559497,0.028878,0.981652,0.188492,0.124861,-0.631865,0.164044,-0.757523,2.76669,0,0,0,1
133198543387114470,590.042,589.735,-0.77524,-0.0969763,0.624182,0.00752008,0.0307687,0.981176,0.190656,0.124501,-0.63092,0.167009,-0.757662,2.76609,0,0,0,1
133198543387447668,590.042,589.735,-0.775127,-0.0956418,0.624528,0.00923467,0.0342172,0.980672,0.192651,0.124354,-0.630881,0.170699,-0.756872,2.76518,0,0,0,1
133198543387780864,590.042,589.735,-0.774302,-0.0902434,0.626352,0.0107459,0.0399569,0.980835,0.190712,0.124831,-0.631556,0.172695,-0.755855,2.76404,0,0,0,1
133198543388114062,590.042,589.735,-0.773067,-0.0824701,0.628944,0.0121171,0.0470536,0.981327,0.186513,0.125713,-0.63258,0.173781,-0.75475,2.76288,0,0,0,1
133198543388447259,590.042,589.735,-0.772265,-0.074597,0.63091,0.013386,0.0535477,0.981907,0.181643,0.126653,-0.633043,0.17406,-0.754297,2.7619,0,0,0,1
133198543388780456,590.042,589.735,-0.772002,-0.06863,0.631908,0.014433,0.0575032,0.982538,0.176963,0.127483,-0.633017,0.172952,-0.754574,2.76114,0,0,0,1
133198543389113653,590.042,589.735,-0.772191,-0.0654046,0.63202,0.0151454,0.0589996,0.983012,0.173812,0.127986,-0.632649,0.171504,-0.755213,2.76056,0,0,0,1
133198543389446849,590.042,589.735,-0.772505,-0.0646119,0.631718,0.0154351,0.0594454,0.983085,0.173244,0.128136,-0.632224,0.171384,-0.755596,2.76016,0,0,0,1
133198543389780047,590.042,589.735,-0.77219,-0.0653816,0.632023,0.01537,0.0590558,0.983003,0.173843,0.128089,-0.632645,0.171564,-0.755203,2.75978,0,0,0,1
133198543390113244,590.042,589.735,-0.771425,-0.0664912,0.63284,0.0149724,0.0580714,0.983021,0.174072,0.128024,-0.633667,0.171034,-0.754465,2.75947,0,0,0,1
133198543390446441,590.042,589.735,-0.7706,-0.0684724,0.633635,0.0144361,0.0566835,0.98291,0.175152,0.127862,-0.634797,0.170888,-0.753548,2.7592,0,0,0,1
133198543390779638,590.042,589.735,-0.769588,-0.0713258,0.634549,0.0138856,0.0549192,0.982668,0.177063,0.127729,-0.636178,0.171114,-0.752331,2.75894,0,0,0,1
133198543391112836,590.042,589.735,-0.768505,-0.0728945,0.635682,0.0133905,0.053507,0.98269,0.177373,0.127833,-0.637606,0.170326,-0.7513,2.75881,0,0,0,1
133198543391446033,590.042,589.735,-0.767618,-0.0724859,0.6368,0.0129881,0.0529946,0.983005,0.175775,0.128131,-0.638716,0.168675,-0.75073,2.75884,0,0,0,1
133198543391779230,590.042,589.735,-0.76712,-0.0713021,0.637533,0.012692,0.0535012,0.983232,0.174342,0.128398,-0.639272,0.167849,-0.750442,2.75908,0,0,0,1
133198543392112427,590.042,589.735,-0.767271,-0.0699604,0.637501,0.0124841,0.0547177,0.983268,0.173762,0.128512,-0.638989,0.168205,-0.750604,2.75954,0,0,0,1
133198543392445624,590.042,589.735,-0.768135,-0.0691903,0.636543,0.0123469,0.0556838,0.983161,0.174062,0.128448,-0.637865,0.169148,-0.751346,2.7602,0,0,0,1
133198543392778821,590.042,589.735,-0.769741,-0.0694915,0.634566,0.0122226,0.0560546,0.982861,0.175629,0.128172,-0.635893,0.170759,-0.752653,2.76099,0,0,0,1
133198543393112018,590.042,589.735,-0.771584,-0.0707336,0.632187,0.0120718,0.056032,0.982381,0.178303,0.12778,-0.633658,0.172998,-0.754025,2.76169,0,0,0,1
133198543393445215,590.042,589.735,-0.772788,-0.0720296,0.630567,0.0117851,0.0553436,0.982108,0.180012,0.127455,-0.63225,0.174009,-0.754974,2.7622,0,0,0,1
133198543393778412,590.042,589.735,-0.773029,-0.0737589,0.630072,0.0114354,0.0542385,0.981897,0.18149,0.127211,-0.632051,0.174471,-0.755034,2.76245,0,0,0,1
133198543394111610,590.042,589.735,-0.772626,-0.0752308,0.630394,0.0110718,0.0530167,0.981842,0.182151,0.127081,-0.632648,0.174156,-0.754607,2.76251,0,0,0,1
133198543394444807,590.042,589.735,-0.772174,-0.0761563,0.630835,0.0108089,0.0522325,0.981826,0.182464,0.127075,-0.633265,0.173844,-0.754161,2.76257,0,0,0,1
133198543394778003,590.042,589.735,-0.772124,-0.0763238,0.630876,0.0106208,0.0518215,0.981893,0.182215,0.127173,-0.633358,0.173385,-0.754188,2.76268,0,0,0,1
133198543395111201,590.042,589.735,-0.772526,-0.0764876,0.630364,0.0104861,0.0510859,0.982016,0.181764,0.127258,-0.632928,0.172619,-0.754724,2.76286,0,0,0,1
