375.703,199.939,760,428
133198517764371845,590.042,589.735,0.272403,0.0436739,-0.961193,0.743129,0.0347585,0.997872,0.0551911,0.142452,0.961557,-0.0484433,0.270305,0.789425,0,0,0,1
133198517765704636,590.042,589.735,0.267755,0.0433652,-0.962512,0.746136,0.0304932,0.998106,0.0534519,0.142776,0.963006,-0.0436614,0.265925,0.789728,0,0,0,1
133198517766037834,590.042,589.735,0.267932,0.0440886,-0.96243,0.746972,0.0312389,0.998031,0.0544162,0.142662,0.962933,-0.0446444,0.266026,0.789337,0,0,0,1
133198517766371031,590.042,589.735,0.268807,0.0452779,-0.962131,0.7478,0.0324376,0.997904,0.0560241,0.142514,0.962649,-0.046268,0.266774,0.788996,0,0,0,1
133198517766704229,590.042,589.735,0.269864,0.0459445,-0.961803,0.748618,0.0331124,0.997829,0.0569564,0.142452,0.96233,-0.0472175,0.267756,0.788851,0,0,0,1
133198517767037426,590.042,589.735,0.270099,0.0456934,-0.96175,0.749551,0.0322847,0.997883,0.0564771,0.142556,0.962293,-0.0463035,0.268052,0.788992,0,0,0,1
133198517767370625,590.042,589.735,0.26977,0.0458093,-0.961836,0.750548,0.0302937,0.997971,0.056027,0.14259,0.962449,-0.0442513,0.267834,0.789278,0,0,0,1
133198517768370218,590.042,589.735,0.267949,0.0501031,-0.962131,0.753883,0.0278062,0.99783,0.0597063,0.142189,0.963033,-0.0427507,0.265974,0.789075,0,0,0,1
133198517768703416,590.042,589.735,0.268648,0.0495829,-0.961963,0.754864,0.0277492,0.997863,0.0591831,0.142188,0.96284,-0.0425924,0.266697,0.788735,0,0,0,1
133198517769036614,590.042,589.735,0.27023,0.0489599,-0.961552,0.755864,0.0286983,0.997854,0.0588736,0.142187,0.962369,-0.0435036,0.268244,0.788344,0,0,0,1
133198517769369810,590.042,589.735,0.27298,0.0522262,-0.960603,0.756839,0.0296423,0.997596,0.0626612,0.14184,0.961564,-0.045579,0.270775,0.788088,0,0,0,1
133198517769703009,590.042,589.735,0.274398,0.0510568,-0.960262,0.757918,0.0291497,0.99769,0.0613767,0.141903,0.961175,-0.0448324,0.272275,0.788094,0,0,0,1
133198517770036207,590.042,589.735,0.276922,0.0537441,-0.95939,0.758927,0.0293443,0.997497,0.0643491,0.141453,0.960446,-0.0459716,0.274651,0.788122,0,0,0,1
133198517770369405,590.042,589.735,0.278221,0.0548082,-0.958954,0.759993,0.0287589,0.99745,0.0653524,0.14115,0.960088,-0.0457601,0.275934,0.788346,0,0,0,1
133198517770702603,590.042,589.735,0.278156,0.0556539,-0.958924,0.761137,0.0283771,0.997409,0.0661189,0.14079,0.960118,-0.045602,0.275855,0.788627,0,0,0,1
133198517771368997,590.042,589.735,0.277083,0.0574045,-0.959131,0.763676,0.0303416,0.997195,0.0684483,0.14018,0.960368,-0.0480668,0.274564,0.789413,0,0,0,1
133198517772368591,590.042,589.735,0.275239,0.0619032,-0.959383,0.768747,0.0270166,0.997035,0.0720836,0.139443,0.960997,-0.0457589,0.27275,0.790423,0,0,0,1
133198517772701789,590.042,589.735,0.273782,0.0615843,-0.95982,0.770716,0.0258782,0.997117,0.071359,0.139522,0.961445,-0.0443745,0.271398,0.790689,0,0,0,1
133198517773034986,590.042,589.735,0.273565,0.063894,-0.959731,0.772663,0.0252294,0.996973,0.073565,0.139294,0.961524,-0.0443376,0.271124,0.790781,0,0,0,1
133198517773701382,590.042,589.735,0.273114,0.0642598,-0.959835,0.7766,0.0244066,0.996984,0.0736917,0.139184,0.961673,-0.0435518,0.270721,0.790901,0,0,0,1
133198517774034580,590.042,589.735,0.272616,0.0652982,-0.959906,0.778545,0.023702,0.996937,0.0745488,0.138996,0.961833,-0.0430742,0.270232,0.790902,0,0,0,1
133198517774700975,590.042,589.735,0.267116,0.0661044,-0.961397,0.782551,0.0237866,0.99689,0.0751539,0.138743,0.963372,-0.0429424,0.264712,0.790851,0,0,0,1
133198517775034174,590.042,589.735,0.264663,0.0674579,-0.96198,0.784398,0.0247506,0.996748,0.0767054,0.13854,0.964025,-0.04411,0.262132,0.790598,0,0,0,1
133198517775367372,590.042,589.735,0.263369,0.0680698,-0.962293,0.786099,0.0260466,0.996644,0.0776284,0.138383,0.964345,-0.0455087,0.260711,0.790181,0,0,0,1
133198517775700569,590.042,589.735,0.263251,0.068078,-0.962324,0.787602,0.0266735,0.996614,0.0778005,0.138299,0.96436,-0.046149,0.260543,0.789718,0,0,0,1
133198517776033767,590.042,589.735,0.263675,0.0684377,-0.962183,0.788953,0.0259422,0.996618,0.0779962,0.138189,0.964264,-0.0455259,0.261007,0.789289,0,0,0,1
133198517776366965,590.042,589.735,0.26399,0.070137,-0.961974,0.790127,0.0237845,0.996578,0.0791871,0.138028,0.964233,-0.0437839,0.261417,0.788923,0,0,0,1
133198517776700162,590.042,589.735,0.264461,0.0709427,-0.961785,0.791097,0.0222814,0.996577,0.0796357,0.137974,0.96414,-0.0424899,0.261975,0.788598,0,0,0,1
133198517777033360,590.042,589.735,0.265205,0.071616,-0.961531,0.79182,0.0212072,0.996565,0.080075,0.13792,0.963961,-0.0416268,0.262774,0.788315,0,0,0,1
133198517777366558,590.042,589.735,0.265983,0.0731758,-0.961198,0.792309,0.020076,0.996479,0.0814172,0.137786,0.96377,-0.0409519,0.263576,0.788062,0,0,0,1
133198517777699756,590.042,589.735,0.266882,0.0744721,-0.960849,0.792555,0.0194594,0.996392,0.0826321,0.137741,0.963534,-0.04075,0.264469,0.787859,0,0,0,1
133198517778032953,590.042,589.735,0.267913,0.0742593,-0.960579,0.792554,0.0195101,0.996404,0.0824704,0.137872,0.963248,-0.0408356,0.2655,0.787745,0,0,0,1
133198517778366151,590.042,589.735,0.268683,0.0734034,-0.960429,0.792424,0.0195687,0.996472,0.0816324,0.138093,0.963032,-0.0407274,0.266297,0.78777,0,0,0,1
133198517778699349,590.042,589.735,0.268632,0.0712459,-0.960606,0.792261,0.0193781,0.99666,0.079339,0.138392,0.96305,-0.0399276,0.266354,0.78801,0,0,0,1
133198517779032547,590.042,589.735,0.267864,0.0688945,-0.960992,0.792144,0.018784,0.996878,0.076703,0.138682,0.963276,-0.0385968,0.265733,0.788369,0,0,0,1
133198517779365744,590.042,589.735,0.266415,0.0684711,-0.961425,0.792037,0.0171815,0.996979,0.0757642,0.13877,0.963707,-0.0367032,0.264433,0.788801,0,0,0,1
133198517779698942,590.042,589.735,0.264558,0.0679902,-0.961972,0.791914,0.0157242,0.997076,0.0747959,0.138838,0.964244,-0.0349139,0.262714,0.789188,0,0,0,1
133198517780032140,590.042,589.735,0.26238,0.0678553,-0.962578,0.791746,0.0143352,0.997142,0.0741993,0.138858,0.964861,-0.0332669,0.260656,0.789472,0,0,0,1
133198517780365338,590.042,589.735,0.259819,0.0674767,-0.963299,0.791568,0.0132679,0.997214,0.073431,0.1389,0.965569,-0.0318594,0.258198,0.789582,0,0,0,1
133198517780698536,590.042,589.735,0.258608,0.0671484,-0.963647,0.791315,0.0142687,0.997208,0.0733164,0.13886,0.965879,-0.0327098,0.256927,0.789337,0,0,0,1
133198517781031734,590.042,589.735,0.259112,0.0672318,-0.963506,0.79096,0.0161429,0.997135,0.0739196,0.138658,0.965715,-0.034707,0.257284,0.788691,0,0,0,1
133198517781364931,590.042,589.735,0.261064,0.0681667,-0.962914,0.790626,0.0180094,0.996987,0.0754616,0.138389,0.965156,-0.0370413,0.259048,0.787821,0,0,0,1
133198517781698129,590.042,589.735,0.263786,0.0685619,-0.962144,0.790296,0.0200321,0.996867,0.0765283,0.138107,0.964376,-0.0394606,0.261585,0.786901,0,0,0,1
133198517782031327,590.042,589.735,0.266493,0.0705632,-0.961252,0.790002,0.0215814,0.996631,0.0791434,0.13768,0.963597,-0.0418362,0.264072,0.786109,0,0,0,1
133198517782364525,590.042,589.735,0.268268,0.0726877,-0.9606,0.789703,0.0223137,0.996414,0.0816293,0.137275,0.963088,-0.0433328,0.265683,0.785596,0,0,0,1
133198517782697723,590.042,589.735,0.268769,0.0735043,-0.960398,0.789439,0.0225366,0.996332,0.0825616,0.137084,0.962943,-0.0438338,0.266125,0.785365,0,0,0,1
133198517783030919,590.042,589.735,0.26857,0.0739443,-0.960419,0.789232,0.0221296,0.996314,0.0828961,0.136979,0.963008,-0.0435168,0.265943,0.785353,0,0,0,1
133198517788028887,590.042,589.735,0.27941,0.143452,-0.949397,0.796833,0.00979099,0.988301,0.152212,0.125531,0.960124,-0.0518249,0.274736,0.786155,0,0,0,1
133198517788362085,590.042,589.735,0.279352,0.145969,-0.949031,0.797683,0.0102163,0.987871,0.154951,0.125004,0.960137,-0.0529808,0.274471,0.785971,0,0,0,1
133198517788695282,590.042,589.735,0.279388,0.148118,-0.948687,0.798343,0.0104202,0.987506,0.157247,0.124596,0.960124,-0.0538179,0.274352,0.785834,0,0,0,1
133198517789028480,590.042,589.735,0.279614,0.149854,-0.948348,0.798955,0.0104978,0.98721,0.15909,0.124329,0.960057,-0.054439,0.274463,0.785722,0,0,0,1
133198517789361678,590.042,589.735,0.280011,0.150812,-0.948079,0.799459,0.0101175,0.987066,0.160002,0.124183,0.959946,-0.0543941,0.274863,0.78567,0,0,0,1
133198517789694876,590.042,589.735,0.280247,0.150926,-0.947991,0.799952,0.00951019,0.987079,0.159961,0.124171,0.959884,-0.0538436,0.275189,0.78565,0,0,0,1
133198517790028074,590.042,589.735,0.280359,0.150952,-0.947953,0.800374,0.00921157,0.98709,0.159908,0.124227,0.959853,-0.0535634,0.275348,0.785678,0,0,0,1
133198517790361271,590.042,589.735,0.280083,0.150722,-0.948072,0.800768,0.00887749,0.98715,0.159558,0.124299,0.959938,-0.0531054,0.275145,0.785764,0,0,0,1
133198517790694469,590.042,589.735,0.279757,0.150185,-0.948253,0.801107,0.00866058,0.987255,0.158918,0.124429,0.960034,-0.0526704,0.27489,0.785854,0,0,0,1
133198517791027667,590.042,589.735,0.279553,0.149296,-0.948454,0.8014,0.00841905,0.987418,0.157911,0.124591,0.960095,-0.0521291,0.274778,0.785934,0,0,0,1
133198517791694062,590.042,589.735,0.279192,0.148171,-0.948736,0.801835,0.00783604,0.98764,0.156553,0.124848,0.960206,-0.0511423,0.274579,0.786122,0,0,0,1
133198517792360458,590.042,589.735,0.278859,0.1463,-0.949124,0.802085,0.00798711,0.987942,0.15463,0.125176,0.960301,-0.0507005,0.274327,0.786257,0,0,0,1
133198517792693655,590.042,589.735,0.278953,0.145433,-0.94923,0.802169,0.00817946,0.988071,0.153787,0.125335,0.960272,-0.0506632,0.274435,0.786321,0,0,0,1
133198517793026853,590.042,589.735,0.279135,0.144541,-0.949313,0.802219,0.00836448,0.988204,0.152922,0.125476,0.960218,-0.0506259,0.274632,0.786365,0,0,0,1
133198517793360051,590.042,589.735,0.279255,0.14378,-0.949393,0.802277,0.00844449,0.988321,0.152159,0.125584,0.960182,-0.0505079,0.274778,0.786401,0,0,0,1
133198517793693250,590.042,589.735,0.279182,0.143124,-0.949514,0.802334,0.00844258,0.988427,0.151472,0.125721,0.960203,-0.0503042,0.274742,0.786484,0,0,0,1
133198517794026447,590.042,589.735,0.278736,0.142501,-0.949738,0.802394,0.00853008,0.988525,0.150824,0.125824,0.960332,-0.050141,0.274321,0.786619,0,0,0,1
133198517794359644,590.042,589.735,0.278049,0.141749,-0.950052,0.802477,0.00871266,0.98864,0.150056,0.125966,0.96053,-0.05,0.273655,0.786775,0,0,0,1
133198517794692842,590.042,589.735,0.277533,0.140953,-0.950321,0.802572,0.00885968,0.988762,0.149242,0.126131,0.960678,-0.0498388,0.273165,0.786921,0,0,0,1
133198517796025634,590.042,589.735,0.275305,0.13896,-0.951263,0.802723,0.00820534,0.989124,0.146866,0.126516,0.961325,-0.0482378,0.271169,0.787248,0,0,0,1
133198517796358831,590.042,589.735,0.274763,0.138527,-0.951483,0.80269,0.00912368,0.989148,0.146645,0.126538,0.961472,-0.0489732,0.270516,0.78723,0,0,0,1
133198517796692029,590.042,589.735,0.274943,0.138341,-0.951458,0.802558,0.00984921,0.989138,0.146666,0.126526,0.961413,-0.0496955,0.270593,0.787125,0,0,0,1
133198517797025227,590.042,589.735,0.275678,0.13811,-0.951279,0.802395,0.0102118,0.989149,0.146568,0.12656,0.961198,-0.0501193,0.271275,0.786995,0,0,0,1
133198517797358425,590.042,589.735,0.276462,0.137593,-0.951126,0.802227,0.0103907,0.989213,0.146123,0.126603,0.960971,-0.05028,0.27205,0.786897,0,0,0,1
133198517798358017,590.042,589.735,0.276594,0.135651,-0.951366,0.801641,0.0106275,0.989496,0.144177,0.126957,0.960931,-0.049989,0.272246,0.786872,0,0,0,1
133198517798691215,590.042,589.735,0.276607,0.135117,-0.951438,0.801437,0.0107333,0.989571,0.143653,0.127008,0.960925,-0.0499472,0.272272,0.786902,0,0,0,1
133198517799024413,590.042,589.735,0.27689,0.134804,-0.951401,0.801266,0.0107587,0.989614,0.14335,0.127062,0.960844,-0.0499275,0.272563,0.786891,0,0,0,1
133198517799357611,590.042,589.735,0.277364,0.134434,-0.951315,0.801105,0.0107763,0.989666,0.142995,0.127115,0.960707,-0.0499132,0.273048,0.786859,0,0,0,1
133198517800024006,590.042,589.735,0.278191,0.134404,-0.951078,0.800836,0.0108196,0.989662,0.143022,0.127089,0.960467,-0.0500772,0.273859,0.786734,0,0,0,1
133198517800357204,590.042,589.735,0.278392,0.134326,-0.95103,0.800744,0.0108311,0.989671,0.142955,0.127068,0.960409,-0.0500978,0.274061,0.786699,0,0,0,1
133198517800690402,590.042,589.735,0.278523,0.134196,-0.95101,0.800713,0.0108335,0.98969,0.142827,0.127056,0.960371,-0.0500831,0.274196,0.786668,0,0,0,1
133198517801023600,590.042,589.735,0.278652,0.134223,-0.950969,0.800712,0.0107824,0.989687,0.142848,0.127055,0.960334,-0.0500581,0.27433,0.786637,0,0,0,1
133198517801356798,590.042,589.735,0.278858,0.134286,-0.950899,0.800719,0.0106878,0.989681,0.142897,0.12703,0.960275,-0.0500105,0.274544,0.786594,0,0,0,1
133198517801689996,590.042,589.735,0.279102,0.134431,-0.950807,0.800772,0.0106481,0.989659,0.14305,0.127005,0.960204,-0.0500494,0.274784,0.786554,0,0,0,1
133198517802023193,590.042,589.735,0.279356,0.134324,-0.950747,0.800807,0.0106177,0.989675,0.142944,0.126958,0.960131,-0.0500264,0.275044,0.786474,0,0,0,1
133198517802689589,590.042,589.735,0.280129,0.13459,-0.950482,0.8009,0.01043,0.989639,0.143209,0.126939,0.959908,-0.0500302,0.275822,0.786306,0,0,0,1
133198517803022787,590.042,589.735,0.28027,0.134365,-0.950473,0.800947,0.0103526,0.989676,0.14296,0.126947,0.959868,-0.0499069,0.275984,0.786238,0,0,0,1
133198517803355985,590.042,589.735,0.280522,0.133724,-0.950489,0.801087,0.0105287,0.989761,0.142356,0.127043,0.959792,-0.0499411,0.27624,0.786187,0,0,0,1
133198517803689182,590.042,589.735,0.280891,0.1328,-0.950509,0.801169,0.0103808,0.989903,0.141372,0.127188,0.959686,-0.0495768,0.276675,0.78619,0,0,0,1
133198517804022380,590.042,589.735,0.281072,0.132289,-0.950527,0.801248,0.00965708,0.990015,0.140641,0.127328,0.959641,-0.048709,0.276986,0.786111,0,0,0,1
133198517804355578,590.042,589.735,0.280925,0.131386,-0.950696,0.801375,0.00943829,0.99016,0.139629,0.127463,0.959686,-0.0481978,0.27692,0.786075,0,0,0,1
133198517804688775,590.042,589.735,0.280602,0.130509,-0.950912,0.801486,0.00974582,0.990276,0.138788,0.127604,0.959777,-0.0482112,0.276601,0.786015,0,0,0,1
133198517806021566,590.042,589.735,0.282027,0.126228,-0.951068,0.80182,0.0117695,0.990779,0.134988,0.128191,0.959337,-0.0492637,0.27794,0.785452,0,0,0,1
133198517806354764,590.042,589.735,0.282076,0.12564,-0.951132,0.801967,0.011588,0.990871,0.134326,0.128296,0.959325,-0.0489113,0.278044,0.785439,0,0,0,1
133198517806687962,590.042,589.735,0.28169,0.125256,-0.951296,0.802168,0.011508,0.990931,0.133883,0.128354,0.959439,-0.0486608,0.277693,0.785472,0,0,0,1
133198517807021160,590.042,589.735,0.281151,0.125078,-0.951479,0.802416,0.0114598,0.990963,0.133655,0.128366,0.959597,-0.0484806,0.277176,0.785569,0,0,0,1
133198517807354357,590.042,589.735,0.280797,0.124974,-0.951598,0.802672,0.0114472,0.990981,0.133524,0.128354,0.959702,-0.0483859,0.276833,0.785587,0,0,0,1
133198517807687555,590.042,589.735,0.280811,0.12486,-0.951608,0.802927,0.0114009,0.990999,0.133393,0.128358,0.959698,-0.048307,0.276859,0.785622,0,0,0,1
133198517808020753,590.042,589.735,0.281051,0.124802,-0.951545,0.8032,0.0112553,0.991013,0.133303,0.128345,0.959629,-0.0481746,0.277119,0.785622,0,0,0,1
133198517808353951,590.042,589.735,0.281134,0.124777,-0.951524,0.803458,0.011182,0.991019,0.13326,0.128328,0.959606,-0.0481034,0.277213,0.785652,0,0,0,1
133198517810019940,590.042,589.735,0.278646,0.125382,-0.952176,0.805207,0.0100759,0.991006,0.133444,0.128197,0.960343,-0.0467771,0.274875,0.786168,0,0,0,1
133198517810686335,590.042,589.735,0.278043,0.125575,-0.952327,0.805911,0.00993106,0.990991,0.133573,0.128134,0.96052,-0.0465961,0.27429,0.786224,0,0,0,1
133198517812019126,590.042,589.735,0.278092,0.125782,-0.952285,0.807268,0.010304,0.990943,0.133897,0.128124,0.960502,-0.0470478,0.274276,0.785815,0,0,0,1
133198517812352324,590.042,589.735,0.277876,0.125825,-0.952343,0.80763,0.0104348,0.990932,0.133969,0.128105,0.960563,-0.0471636,0.274042,0.785708,0,0,0,1
133198517812685522,590.042,589.735,0.277805,0.12586,-0.952359,0.808005,0.0108923,0.990905,0.134132,0.12809,0.960578,-0.0476355,0.273906,0.785541,0,0,0,1
133198517813018718,590.042,589.735,0.277955,0.125881,-0.952312,0.808379,0.0110457,0.990894,0.134205,0.128034,0.960533,-0.0478215,0.274032,0.785403,0,0,0,1
133198517813351917,590.042,589.735,0.278069,0.126328,-0.95222,0.80877,0.0106137,0.990851,0.134552,0.128007,0.960505,-0.0475211,0.274183,0.785255,0,0,0,1
133198517813685115,590.042,589.735,0.278019,0.126497,-0.952212,0.809196,0.0108109,0.990817,0.134782,0.127964,0.960517,-0.047766,0.274098,0.785111,0,0,0,1
133198517814351511,590.042,589.735,0.27814,0.127138,-0.952091,0.809884,0.0120721,0.990662,0.135815,0.127821,0.960467,-0.049269,0.274007,0.78469,0,0,0,1
133198517814684709,590.042,589.735,0.279049,0.127402,-0.95179,0.810107,0.0125693,0.990592,0.136281,0.127739,0.960197,-0.0499918,0.274821,0.784453,0,0,0,1
133198517815017906,590.042,589.735,0.280015,0.12772,-0.951463,0.810322,0.0127957,0.990527,0.13673,0.127708,0.959913,-0.0504609,0.275728,0.784284,0,0,0,1
133198517815351104,590.042,589.735,0.280615,0.127242,-0.951351,0.810468,0.0130153,0.99058,0.136328,0.127726,0.959735,-0.0506373,0.276314,0.784251,0,0,0,1
133198517815684302,590.042,589.735,0.280698,0.127181,-0.951334,0.8106,0.012766,0.990601,0.136197,0.127752,0.959714,-0.0503747,0.276435,0.784407,0,0,0,1
133198517816017500,590.042,589.735,0.280544,0.126826,-0.951427,0.810649,0.0124801,0.990668,0.135737,0.127808,0.959763,-0.0499535,0.276342,0.784706,0,0,0,1
133198517816350697,590.042,589.735,0.280667,0.126345,-0.951455,0.810591,0.0121908,0.99075,0.135159,0.127891,0.95973,-0.0495332,0.27653,0.78507,0,0,0,1
133198517816683895,590.042,589.735,0.281507,0.126071,-0.951243,0.810377,0.0119584,0.990795,0.134851,0.127936,0.959487,-0.0493366,0.277407,0.785488,0,0,0,1
133198517817017093,590.042,589.735,0.282077,0.124916,-0.951226,0.810115,0.0115849,0.990973,0.133571,0.128033,0.959324,-0.048697,0.278082,0.786079,0,0,0,1
133198517817350290,590.042,589.735,0.281393,0.124445,-0.951491,0.809812,0.0109128,0.991077,0.13285,0.128137,0.959533,-0.0477662,0.277523,0.786877,0,0,0,1
133198517817683488,590.042,589.735,0.279823,0.124974,-0.951885,0.809512,0.00917782,0.991099,0.13282,0.128172,0.96001,-0.045902,0.276184,0.787892,0,0,0,1
133198517819016279,590.042,589.735,0.27864,0.127454,-0.951902,0.807192,0.00405057,0.990992,0.133873,0.128181,0.96039,-0.0411579,0.275612,0.790345,0,0,0,1
133198517819349477,590.042,589.735,0.281047,0.125913,-0.9514,0.806329,0.004306,0.991182,0.13245,0.128356,0.959687,-0.0413209,0.278025,0.79079,0,0,0,1
133198517819682675,590.042,589.735,0.28146,0.125638,-0.951314,0.805594,0.00291698,0.991276,0.131779,0.128388,0.959571,-0.0398652,0.278638,0.791538,0,0,0,1
133198517820015873,590.042,589.735,0.280153,0.127164,-0.951497,0.805019,0.00145213,0.991131,0.132888,0.128204,0.959956,-0.0386104,0.277483,0.792421,0,0,0,1
133198517820349070,590.042,589.735,0.278323,0.129679,-0.951695,0.804487,0.000549644,0.990823,0.135172,0.127834,0.96049,-0.0381442,0.275697,0.79316,0,0,0,1
133198517820682268,590.042,589.735,0.277702,0.132484,-0.951489,0.803894,0.000316024,0.990433,0.137999,0.127394,0.960669,-0.038623,0.275003,0.793531,0,0,0,1
133198517821015466,590.042,589.735,0.279278,0.134988,-0.950676,0.8031,0.000338688,0.990057,0.140679,0.126926,0.960212,-0.0396104,0.276455,0.793464,0,0,0,1
133198517821681861,590.042,589.735,0.285201,0.139347,-0.948285,0.800906,-0.00121954,0.989428,0.145026,0.126306,0.958469,-0.0402049,0.282355,0.792559,0,0,0,1
133198517822015059,590.042,589.735,0.288035,0.139511,-0.947405,0.799579,-0.00118373,0.989383,0.145333,0.126308,0.957622,-0.0407389,0.285141,0.791957,0,0,0,1
133198517822348256,590.042,589.735,0.290431,0.139097,-0.946734,0.798177,-7.86483e-05,0.989383,0.145339,0.126397,0.956898,-0.0421363,0.287358,0.791375,0,0,0,1
133198517822681454,590.042,589.735,0.29162,0.137245,-0.946639,0.796864,0.00145939,0.989589,0.143921,0.126793,0.956536,-0.0433517,0.288383,0.790932,0,0,0,1
133198517823014652,590.042,589.735,0.292015,0.134671,-0.946886,0.79566,0.00408658,0.989853,0.142043,0.127216,0.956407,-0.0453479,0.288501,0.790632,0,0,0,1
133198517823347850,590.042,589.735,0.292125,0.133501,-0.947019,0.794602,0.00732262,0.98987,0.141801,0.12747,0.956355,-0.0483577,0.288186,0.790517,0,0,0,1
133198517826346629,590.042,589.735,0.284893,0.122057,-0.950758,0.790001,0.0214338,0.990802,0.133621,0.129327,0.958322,-0.0584455,0.279656,0.794276,0,0,0,1
133198517826679827,590.042,589.735,0.283899,0.120354,-0.951273,0.789566,0.0214637,0.991047,0.131791,0.129582,0.958617,-0.0578329,0.278772,0.794892,0,0,0,1
133198517827013025,590.042,589.735,0.283054,0.118756,-0.951725,0.78916,0.0214939,0.991272,0.130083,0.129834,0.958866,-0.0572765,0.27803,0.795427,0,0,0,1
133198517830011804,590.042,589.735,0.285393,0.113333,-0.951688,0.787802,0.0226653,0.991909,0.12492,0.130611,0.958145,-0.0572213,0.280514,0.797081,0,0,0,1
133198517830345002,590.042,589.735,0.28619,0.11254,-0.951543,0.78778,0.0234441,0.99196,0.124372,0.13068,0.957888,-0.0579015,0.281249,0.796963,0,0,0,1
133198517830678200,590.042,589.735,0.28706,0.112139,-0.951328,0.787773,0.0237965,0.991984,0.124112,0.130718,0.95762,-0.0582654,0.28209,0.796821,0,0,0,1
133198517831011398,590.042,589.735,0.288003,0.11218,-0.951038,0.787794,0.0237543,0.991974,0.124202,0.13074,0.957338,-0.0583615,0.283025,0.796707,0,0,0,1
133198517831344596,590.042,589.735,0.288682,0.112381,-0.950808,0.787794,0.0240707,0.991923,0.124549,0.130669,0.957125,-0.0588414,0.283644,0.796613,0,0,0,1
133198517831677793,590.042,589.735,0.28881,0.112779,-0.950722,0.787795,0.0246204,0.991835,0.125135,0.130598,0.957072,-0.0595471,0.283675,0.796566,0,0,0,1
133198517832010991,590.042,589.735,0.288628,0.113358,-0.950709,0.787772,0.0254399,0.991709,0.12597,0.130471,0.957105,-0.060544,0.283351,0.796515,0,0,0,1
133198517832344189,590.042,589.735,0.288566,0.113736,-0.950683,0.787708,0.0262514,0.991607,0.126601,0.130356,0.957102,-0.0614891,0.283158,0.79649,0,0,0,1
133198517832677387,590.042,589.735,0.288607,0.11404,-0.950634,0.787618,0.0265443,0.991548,0.127007,0.130341,0.957082,-0.0618887,0.28314,0.796507,0,0,0,1
133198517833010584,590.042,589.735,0.288494,0.11356,-0.950726,0.787552,0.0267597,0.991599,0.126562,0.130357,0.957111,-0.0619532,0.28303,0.796559,0,0,0,1
133198517833343782,590.042,589.735,0.287908,0.113329,-0.950931,0.78752,0.026595,0.991645,0.126233,0.130437,0.957291,-0.0616332,0.282488,0.796728,0,0,0,1
133198517836342562,590.042,589.735,0.281233,0.11277,-0.952992,0.787422,0.02827,0.991668,0.12569,0.130656,0.959225,-0.0622888,0.275701,0.797715,0,0,0,1
133198517839008143,590.042,589.735,0.284726,0.111713,-0.952079,0.787968,0.0292244,0.991715,0.125103,0.130805,0.958166,-0.0634435,0.279101,0.796706,0,0,0,1
133198517839341341,590.042,589.735,0.285841,0.112182,-0.95169,0.788183,0.028977,0.991659,0.125596,0.130737,0.957842,-0.0634772,0.280205,0.796503,0,0,0,1
133198517839674539,590.042,589.735,0.286625,0.112173,-0.951455,0.788435,0.0280427,0.991715,0.125367,0.130777,0.957635,-0.0626145,0.281104,0.796302,0,0,0,1
133198517840340935,590.042,589.735,0.288565,0.113273,-0.950738,0.789149,0.0298911,0.991429,0.127193,0.130581,0.956996,-0.0651216,0.282705,0.795908,0,0,0,1
133198517840674132,590.042,589.735,0.290567,0.113815,-0.950063,0.78955,0.0296869,0.991352,0.12784,0.130477,0.956396,-0.0653502,0.284674,0.795947,0,0,0,1
133198517841007330,590.042,589.735,0.290894,0.112578,-0.950111,0.790124,0.0274795,0.991662,0.125914,0.130669,0.956363,-0.0627359,0.285374,0.796325,0,0,0,1
133198517841340528,590.042,589.735,0.289951,0.113301,-0.950313,0.790825,0.0262171,0.991656,0.126229,0.130635,0.956685,-0.0615144,0.28456,0.796996,0,0,0,1
133198517841673726,590.042,589.735,0.286547,0.113556,-0.951315,0.791722,0.0234628,0.991823,0.125458,0.130688,0.957782,-0.0582697,0.281538,0.797977,0,0,0,1
133198517842006923,590.042,589.735,0.282409,0.11292,-0.952627,0.79273,0.0210772,0.992079,0.123845,0.130808,0.959065,-0.0550534,0.27779,0.798863,0,0,0,1
133198517842673319,590.042,589.735,0.277761,0.115411,-0.953694,0.794546,0.0186433,0.991924,0.125467,0.13044,0.960472,-0.0526293,0.273366,0.799709,0,0,0,1
133198517843006516,590.042,589.735,0.277034,0.116874,-0.953727,0.795297,0.017732,0.991785,0.126689,0.130153,0.960699,-0.0520082,0.272685,0.799635,0,0,0,1
133198517843339714,590.042,589.735,0.27685,0.118005,-0.953642,0.795907,0.0168908,0.991681,0.127616,0.129874,0.960768,-0.0514379,0.272552,0.799156,0,0,0,1
133198517844006110,590.042,589.735,0.280164,0.12264,-0.952088,0.796568,0.0198366,0.990855,0.133471,0.128859,0.95975,-0.0562795,0.275168,0.796923,0,0,0,1
133198517844339307,590.042,589.735,0.283723,0.124451,-0.950798,0.796562,0.0237604,0.990326,0.136715,0.128361,0.958614,-0.0613803,0.278021,0.795416,0,0,0,1
133198517844672505,590.042,589.735,0.287703,0.124779,-0.949559,0.796436,0.0271928,0.990013,0.138335,0.128079,0.957336,-0.0656202,0.281436,0.793992,0,0,0,1
133198517845338901,590.042,589.735,0.295386,0.123387,-0.947379,0.796071,0.030492,0.989904,0.138433,0.128104,0.954893,-0.0697783,0.288641,0.792016,0,0,0,1
133198517845672099,590.042,589.735,0.298012,0.122175,-0.946714,0.795981,0.0309054,0.990022,0.137493,0.128253,0.954064,-0.070233,0.291262,0.791508,0,0,0,1
133198517847004889,590.042,589.735,0.297463,0.120707,-0.947074,0.796778,0.0319826,0.99016,0.136244,0.128414,0.954199,-0.0708173,0.290676,0.791405,0,0,0,1
133198517847338087,590.042,589.735,0.295776,0.121004,-0.947565,0.797186,0.0316643,0.990158,0.136328,0.128438,0.954734,-0.0703263,0.289033,0.791479,0,0,0,1
133198517847671285,590.042,589.735,0.294362,0.121398,-0.947955,0.797629,0.0316109,0.990121,0.136614,0.128415,0.955173,-0.0701796,0.287617,0.791478,0,0,0,1
133198517848004482,590.042,589.735,0.293277,0.122021,-0.948211,0.798081,0.0315881,0.990044,0.137174,0.128332,0.955507,-0.0701821,0.286503,0.791346,0,0,0,1
133198517848337680,590.042,589.735,0.292625,0.122541,-0.948345,0.798484,0.0317417,0.989964,0.137713,0.12827,0.955702,-0.0704002,0.285799,0.791048,0,0,0,1
133198517848670878,590.042,589.735,0.292832,0.122895,-0.948236,0.798838,0.0331343,0.989807,0.138516,0.128192,0.955592,-0.0719807,0.285774,0.790609,0,0,0,1
133198517849337274,590.042,589.735,0.293708,0.122505,-0.948015,0.799424,0.0352884,0.98969,0.138823,0.128173,0.955245,-0.0742273,0.286356,0.789756,0,0,0,1
133198517850670064,590.042,589.735,0.293426,0.12164,-0.948214,0.800374,0.036652,0.989712,0.138306,0.128364,0.955281,-0.0753362,0.285949,0.788747,0,0,0,1
133198517851003262,590.042,589.735,0.294116,0.121472,-0.948021,0.800434,0.0365014,0.98974,0.138142,0.128418,0.955074,-0.0752336,0.286664,0.78845,0,0,0,1
133198517851336460,590.042,589.735,0.295194,0.121307,-0.947708,0.800392,0.0365488,0.989749,0.138073,0.128461,0.95474,-0.0753956,0.287734,0.788167,0,0,0,1
133198517851669658,590.042,589.735,0.296615,0.120758,-0.947334,0.800249,0.0370195,0.989775,0.137759,0.128548,0.954281,-0.0759311,0.289111,0.787922,0,0,0,1
133198517852002855,590.042,589.735,0.298156,0.120225,-0.946918,0.800019,0.0369834,0.989837,0.13732,0.128614,0.953803,-0.0759628,0.290679,0.787807,0,0,0,1
133198517852336053,590.209,589.898,0.298826,0.119436,-0.946806,0.799821,0.0357676,0.990039,0.136179,0.128763,0.953639,-0.0745585,0.291577,0.787916,0,0,0,1
133198517852669251,590.71,590.39,0.298853,0.11947,-0.946794,0.799607,0.0342502,0.990152,0.135753,0.128745,0.953686,-0.0729976,0.291817,0.788104,0,0,0,1
133198517853002449,591.378,591.044,0.299141,0.120194,-0.946611,0.79941,0.0332637,0.99012,0.13623,0.128631,0.953631,-0.0722395,0.292186,0.78824,0,0,0,1
133198517853335647,591.879,591.535,0.299828,0.120985,-0.946293,0.799148,0.031807,0.990108,0.136665,0.12851,0.953465,-0.0710745,0.293014,0.788271,0,0,0,1
133198517853668844,592.38,592.026,0.300779,0.121249,-0.945957,0.798848,0.0300938,0.990186,0.136487,0.128415,0.953221,-0.0695194,0.294178,0.788095,0,0,0,1
133198517854668437,593.729,593.354,0.306511,0.120073,-0.944266,0.797712,0.0307537,0.990246,0.135903,0.12838,0.951372,-0.0706954,0.299828,0.786774,0,0,0,1
133198517855001635,593.215,592.845,0.308349,0.119866,-0.943694,0.797415,0.0306518,0.990264,0.135796,0.128344,0.950782,-0.0707982,0.301672,0.786316,0,0,0,1
133198517855334833,592.88,592.518,0.310579,0.120809,-0.942842,0.797135,0.0305558,0.99011,0.136931,0.128281,0.950059,-0.0713366,0.303815,0.785863,0,0,0,1
133198517855668030,592.38,592.026,0.311263,0.118868,-0.942863,0.796998,0.0295742,0.990456,0.134631,0.128505,0.949865,-0.0697898,0.304776,0.785529,0,0,0,1
133198517856001228,591.879,591.535,0.311897,0.119335,-0.942594,0.796917,0.028864,0.990434,0.134942,0.128438,0.949679,-0.0692951,0.305469,0.785113,0,0,0,1
133198517856334426,591.378,591.044,0.311939,0.119475,-0.942562,0.796969,0.0287565,0.990421,0.135059,0.128386,0.949669,-0.0692346,0.305514,0.784571,0,0,0,1
133198517856667624,590.71,590.39,0.312054,0.119575,-0.942511,0.797129,0.0302699,0.990294,0.13566,0.128256,0.949584,-0.0708628,0.305405,0.78383,0,0,0,1
133198517857667216,590.042,589.735,0.315031,0.120253,-0.941434,0.798846,0.0366218,0.989662,0.138669,0.127743,0.948377,-0.0781618,0.30737,0.781419,0,0,0,1
133198517858000415,590.042,589.735,0.316248,0.119758,-0.941089,0.799929,0.0384704,0.989566,0.138855,0.127612,0.947898,-0.0801163,0.308341,0.780624,0,0,0,1
133198517858333612,590.042,589.735,0.315719,0.119368,-0.941316,0.801299,0.0397929,0.989518,0.138827,0.12747,0.948019,-0.081288,0.30766,0.78007,0,0,0,1
133198517858666810,590.042,589.735,0.314302,0.121482,-0.941519,0.802804,0.0413193,0.989089,0.141414,0.1271,0.948425,-0.0833495,0.305853,0.779776,0,0,0,1
133198517859000008,590.042,589.735,0.311689,0.122682,-0.942232,0.80435,0.041934,0.988888,0.142629,0.12691,0.94926,-0.0839674,0.303081,0.779781,0,0,0,1
133198517859333205,590.042,589.735,0.308961,0.123773,-0.942987,0.805783,0.0408306,0.988856,0.143172,0.12683,0.950199,-0.0827373,0.300465,0.779963,0,0,0,1
133198517859666403,590.042,589.735,0.305729,0.124637,-0.943926,0.807097,0.0380208,0.989007,0.142905,0.12687,0.951361,-0.0795788,0.297629,0.780314,0,0,0,1
133198517860332799,590.042,589.735,0.29889,0.126364,-0.945886,0.809196,0.0332397,0.989215,0.142656,0.12701,0.953711,-0.0740794,0.291466,0.780913,0,0,0,1
133198517860665997,590.042,589.735,0.297894,0.127541,-0.946042,0.809748,0.0319965,0.989145,0.143427,0.127004,0.954065,-0.072996,0.290579,0.7809,0,0,0,1
133198517860999194,590.042,589.735,0.298482,0.128015,-0.945792,0.810014,0.0307491,0.98916,0.14359,0.127114,0.953921,-0.0719413,0.29131,0.780743,0,0,0,1
133198517861998787,590.042,589.735,0.29973,0.124278,-0.945896,0.81059,0.0273191,0.989955,0.138724,0.128016,0.953635,-0.0674207,0.293324,0.780455,0,0,0,1
133198517862331985,590.042,589.735,0.299251,0.125283,-0.945915,0.810789,0.0251561,0.989963,0.139076,0.128042,0.953844,-0.0654141,0.293096,0.780471,0,0,0,1
133198517862665183,590.042,589.735,0.298493,0.125209,-0.946164,0.810909,0.0238725,0.990068,0.13855,0.128142,0.954115,-0.0639434,0.292539,0.780484,0,0,0,1
133198517862998380,590.042,589.735,0.297598,0.124976,-0.946477,0.810976,0.0228055,0.990182,0.137918,0.128257,0.95442,-0.062629,0.291826,0.780477,0,0,0,1
133198517863331578,590.042,589.735,0.296966,0.12426,-0.94677,0.810992,0.0211845,0.990396,0.136631,0.128402,0.954654,-0.0606315,0.291482,0.780398,0,0,0,1
133198517863664776,590.042,589.735,0.296438,0.124757,-0.94687,0.81096,0.0194285,0.99044,0.13658,0.128396,0.954856,-0.0588835,0.291179,0.780215,0,0,0,1
133198517863997974,590.042,589.735,0.296418,0.125837,-0.946733,0.81083,0.0188221,0.99032,0.137524,0.128223,0.954874,-0.0585842,0.291181,0.779886,0,0,0,1
133198517864664369,590.042,589.735,0.297001,0.128073,-0.946251,0.810217,0.0182863,0.990021,0.139737,0.127907,0.954703,-0.0588053,0.291695,0.778952,0,0,0,1
133198517864997567,590.042,589.735,0.29841,0.1286,-0.945736,0.809694,0.0193502,0.989863,0.140706,0.127804,0.954244,-0.0602882,0.292897,0.778373,0,0,0,1
133198517865330764,590.042,589.735,0.300694,0.12815,-0.945073,0.809038,0.0211293,0.989794,0.140937,0.127887,0.953488,-0.0623475,0.294917,0.777687,0,0,0,1
133198517865663962,590.042,589.735,0.303555,0.126234,-0.944416,0.808267,0.023197,0.989913,0.139771,0.128127,0.952533,-0.0643355,0.297564,0.777024,0,0,0,1
133198517867663149,590.042,589.735,0.311646,0.120736,-0.942498,0.805095,0.0252512,0.990493,0.135234,0.128882,0.949865,-0.0659441,0.305633,0.775361,0,0,0,1
133198517870328730,590.042,589.735,0.311065,0.125756,-0.942033,0.802132,0.0331093,0.989172,0.142982,0.127479,0.949813,-0.0756667,0.303533,0.772314,0,0,0,1
133198517870661928,590.042,589.735,0.313593,0.124563,-0.941353,0.80123,0.0332275,0.989313,0.141979,0.12764,0.948978,-0.0758021,0.306102,0.771942,0,0,0,1
133198517870995126,590.042,589.735,0.315664,0.122709,-0.940904,0.800342,0.0336741,0.98953,0.140348,0.127964,0.948275,-0.0759868,0.308227,0.771814,0,0,0,1
133198517871328324,590.042,589.735,0.316539,0.120078,-0.94095,0.799628,0.0336459,0.989911,0.137645,0.128409,0.947984,-0.0752292,0.309306,0.771938,0,0,0,1
133198517871661522,590.042,589.735,0.316513,0.118554,-0.941152,0.799102,0.0323743,0.990232,0.135624,0.128749,0.948037,-0.0733958,0.309583,0.772307,0,0,0,1
133198517871994719,590.042,589.735,0.31661,0.118384,-0.941141,0.798665,0.030825,0.990374,0.134947,0.12883,0.948056,-0.0717363,0.309913,0.77273,0,0,0,1
133198517872327917,590.042,589.735,0.316768,0.119233,-0.94098,0.798255,0.0293617,0.99036,0.135375,0.128823,0.94805,-0.0705111,0.310213,0.773142,0,0,0,1
133198517873660707,590.042,589.735,0.314246,0.119892,-0.941742,0.796881,0.0277689,0.990409,0.135354,0.128868,0.948937,-0.0686854,0.307902,0.77533,0,0,0,1
133198517873993905,590.042,589.735,0.312745,0.119748,-0.942259,0.796558,0.0265638,0.990531,0.1347,0.128997,0.949467,-0.0671564,0.306603,0.776085,0,0,0,1
133198517874327103,590.042,589.735,0.311298,0.119602,-0.942757,0.796255,0.0253965,0.990648,0.134063,0.129108,0.949975,-0.0656761,0.305349,0.776802,0,0,0,1
133198517874660301,590.042,589.735,0.31018,0.119305,-0.943164,0.795929,0.0243873,0.99077,0.133347,0.129228,0.950367,-0.0643627,0.304407,0.777476,0,0,0,1
133198517874993499,590.042,589.735,0.309306,0.119295,-0.943451,0.795659,0.0234198,0.990845,0.132966,0.129293,0.950676,-0.0632225,0.303681,0.778084,0,0,0,1
133198517875326696,590.042,589.735,0.308578,0.119291,-0.94369,0.795353,0.0225668,0.990908,0.132639,0.129376,0.950933,-0.0622255,0.30308,0.778635,0,0,0,1
133198517875993091,590.042,589.735,0.307285,0.118404,-0.944224,0.794754,0.0215114,0.991112,0.131284,0.129628,0.951376,-0.0606531,0.302007,0.779484,0,0,0,1
133198517876992685,590.042,589.735,0.307123,0.117244,-0.944421,0.793166,0.021001,0.991306,0.129894,0.130177,0.951439,-0.0597274,0.301991,0.78019,0,0,0,1
133198517877325882,590.042,589.735,0.307276,0.11636,-0.94448,0.792254,0.0219513,0.991366,0.129278,0.13037,0.951369,-0.0604566,0.302069,0.780438,0,0,0,1
133198517878658673,590.042,589.735,0.292924,0.124615,-0.947982,0.787073,0.014178,0.990796,0.134624,0.129846,0.956033,-0.0528749,0.288461,0.784112,0,0,0,1
133198517878991871,590.042,589.735,0.289023,0.126438,-0.948937,0.785496,0.0123594,0.990665,0.135762,0.129697,0.957244,-0.0509667,0.284763,0.784689,0,0,0,1
133198517880324662,590.042,589.735,0.273319,0.14627,-0.950739,0.780447,0.0178654,0.98743,0.157051,0.126533,0.961759,-0.0599102,0.26727,0.785843,0,0,0,1
133198517880657860,590.042,589.735,0.272845,0.147884,-0.950625,0.779533,0.0191394,0.987086,0.15905,0.126144,0.961869,-0.0615902,0.266491,0.7862,0,0,0,1
133198517882657046,590.042,589.735,0.307036,0.143085,-0.940881,0.773717,0.0168191,0.987664,0.155688,0.127357,0.951551,-0.0636266,0.300842,0.78583,0,0,0,1
133198517882990243,590.042,589.735,0.312119,0.140418,-0.93961,0.772915,0.0168526,0.988044,0.153254,0.127945,0.949895,-0.0636683,0.306021,0.78568,0,0,0,1
133198517883323441,590.042,589.735,0.315922,0.137323,-0.938796,0.772305,0.016875,0.988501,0.150273,0.12863,0.948637,-0.0633167,0.309971,0.78562,0,0,0,1
133198517883656639,590.042,589.735,0.318981,0.134049,-0.938235,0.771838,0.0167934,0.988993,0.14701,0.129268,0.947614,-0.0626495,0.313219,0.785535,0,0,0,1
133198517883989837,590.042,589.735,0.32184,0.131393,-0.937634,0.771537,0.0169179,0.989369,0.14445,0.129827,0.946645,-0.0623526,0.316195,0.785371,0,0,0,1
133198517884323035,590.042,589.735,0.324662,0.128981,-0.936996,0.771409,0.01772,0.989656,0.14237,0.130272,0.945666,-0.0628256,0.319017,0.785093,0,0,0,1
133198517884656232,590.042,589.735,0.326992,0.12726,-0.93642,0.771443,0.0184696,0.989842,0.14097,0.130615,0.944848,-0.0633912,0.321321,0.784795,0,0,0,1
133198517884989430,590.042,589.735,0.328878,0.125418,-0.936008,0.771625,0.0193538,0.99004,0.139458,0.130906,0.944176,-0.0639801,0.323175,0.784464,0,0,0,1
133198517885322628,590.042,589.735,0.330401,0.124337,-0.935616,0.771972,0.0198725,0.99015,0.138602,0.131107,0.943633,-0.0643872,0.324676,0.78416,0,0,0,1
133198517885655825,590.042,589.735,0.33141,0.123683,-0.935346,0.772421,0.0204443,0.990197,0.13818,0.131162,0.943267,-0.0649167,0.325633,0.783826,0,0,0,1
133198517885989023,590.042,589.735,0.331799,0.123968,-0.93517,0.773006,0.0211854,0.990099,0.138766,0.131034,0.943114,-0.0658544,0.325888,0.783485,0,0,0,1
133198517886655418,590.042,589.735,0.332402,0.124581,-0.934875,0.774352,0.0229384,0.989877,0.140067,0.130834,0.942861,-0.0680029,0.326179,0.782683,0,0,0,1
133198517886988616,590.042,589.735,0.333459,0.12389,-0.93459,0.775065,0.02362,0.98992,0.139652,0.130864,0.94247,-0.0686433,0.327171,0.782144,0,0,0,1
133198517887321814,590.042,589.735,0.335012,0.123242,-0.93412,0.775864,0.0240225,0.98997,0.139227,0.13089,0.941909,-0.0690825,0.328691,0.781551,0,0,0,1
133198517887988209,590.042,589.735,0.338618,0.123405,-0.932798,0.777721,0.0256824,0.989781,0.140267,0.130603,0.940575,-0.0714535,0.331988,0.78028,0,0,0,1
133198517888321407,590.042,589.735,0.339757,0.124786,-0.932199,0.77869,0.0257184,0.989556,0.141837,0.130291,0.940163,-0.0721648,0.332999,0.779773,0,0,0,1
133198517888654604,590.042,589.735,0.339853,0.126196,-0.931975,0.779553,0.0259334,0.989323,0.143419,0.130105,0.940123,-0.0729106,0.332951,0.779408,0,0,0,1
133198517890653791,590.042,589.735,0.339267,0.121719,-0.932783,0.781735,0.028439,0.989814,0.139505,0.130848,0.940261,-0.0738568,0.33235,0.778659,0,0,0,1
133198517890986988,590.042,589.735,0.338986,0.12107,-0.93297,0.781835,0.0275144,0.989986,0.138466,0.131016,0.94039,-0.072608,0.33226,0.778711,0,0,0,1
133198517891320186,590.042,589.735,0.338882,0.120367,-0.933099,0.781916,0.0271837,0.990116,0.137595,0.131171,0.940438,-0.0719933,0.33226,0.778731,0,0,0,1
133198517891653384,590.042,589.735,0.338919,0.119218,-0.933233,0.781993,0.0272974,0.990276,0.136419,0.131344,0.940421,-0.0717096,0.332369,0.778697,0,0,0,1
133198517891986581,590.042,589.735,0.339266,0.118262,-0.933228,0.782057,0.0276524,0.990384,0.135558,0.131484,0.940285,-0.0717963,0.332733,0.778599,0,0,0,1
133198517892319779,590.042,589.735,0.339887,0.117748,-0.933067,0.782156,0.0279456,0.990429,0.135167,0.131531,0.940053,-0.0720166,0.333343,0.778521,0,0,0,1
133198517892652977,590.042,589.735,0.340472,0.117406,-0.932897,0.782291,0.0280838,0.990462,0.1349,0.131563,0.939837,-0.0721289,0.333927,0.77843,0,0,0,1
133198517892986175,590.042,589.735,0.340976,0.117236,-0.932734,0.782475,0.0282677,0.990466,0.134826,0.131554,0.939648,-0.0723387,0.334412,0.778419,0,0,0,1
133198517893319373,590.042,589.735,0.341323,0.117454,-0.93258,0.782683,0.0283942,0.990422,0.135132,0.131489,0.939519,-0.0726034,0.334719,0.778449,0,0,0,1
133198517894985361,590.042,589.735,0.341124,0.120432,-0.932273,0.783826,0.028308,0.989994,0.138247,0.13096,0.939594,-0.07355,0.334301,0.779178,0,0,0,1
133198517895318559,590.042,589.735,0.340896,0.12052,-0.932345,0.783994,0.0281179,0.989998,0.138253,0.130971,0.939682,-0.0733455,0.334098,0.779416,0,0,0,1
133198517895651756,590.042,589.735,0.340461,0.120571,-0.932497,0.784126,0.0282421,0.989986,0.138316,0.130942,0.939836,-0.0734269,0.333647,0.779667,0,0,0,1
133198517895984954,590.042,589.735,0.340049,0.120693,-0.932632,0.784265,0.0282919,0.989969,0.138429,0.130877,0.939984,-0.0734586,0.333223,0.779916,0,0,0,1
