133198517762612737,-0.0522586,-0.292716,0.95477,0.715145,-0.995253,-0.0633327,-0.0738912,0.143088,0.0820974,-0.9541,-0.288017,0.743423,0,0,0,1
133198517762924659,-0.052551,-0.293152,0.95462,0.715659,-0.99522,-0.0634193,-0.0742614,0.143019,0.0823113,-0.95396,-0.288418,0.743436,0,0,0,1
133198517763244785,-0.0528245,-0.293409,0.954526,0.716203,-0.995197,-0.0634135,-0.0745682,0.142956,0.0824091,-0.953881,-0.28865,0.74348,0,0,0,1
133198517763576011,-0.0533916,-0.293327,0.95452,0.716817,-0.995197,-0.0629091,-0.0749994,0.142929,0.0820476,-0.95394,-0.288559,0.743568,0,0,0,1
133198517763908400,-0.0538712,-0.29288,0.95463,0.717423,-0.995215,-0.0622978,-0.0752743,0.142978,0.0815177,-0.954118,-0.288123,0.743735,0,0,0,1
133198517764281694,-0.0538484,-0.291917,0.954927,0.718182,-0.995333,-0.0610055,-0.0747758,0.143164,0.080084,-0.954496,-0.28727,0.744038,0,0,0,1
133198517764568858,-0.0537398,-0.290864,0.955254,0.718795,-0.995477,-0.059448,-0.0741038,0.143374,0.0783421,-0.954916,-0.286354,0.744264,0,0,0,1
133198517765227314,-0.053588,-0.288219,0.956064,0.720378,-0.995712,-0.056882,-0.0729581,0.143703,0.0754107,-0.955874,-0.283935,0.744545,0,0,0,1
133198517765554656,-0.0535285,-0.287216,0.956369,0.721221,-0.995768,-0.056295,-0.0726403,0.143756,0.0747023,-0.95621,-0.282987,0.744428,0,0,0,1
133198517765891862,-0.0540363,-0.286986,0.956409,0.722073,-0.995704,-0.0566382,-0.0732517,0.143671,0.0751916,-0.956259,-0.282692,0.744085,0,0,0,1
133198517766224028,-0.0551676,-0.287619,0.956155,0.722867,-0.995536,-0.0576055,-0.0747677,0.143484,0.0765842,-0.956011,-0.283157,0.743723,0,0,0,1
133198517766545657,-0.0559636,-0.28872,0.955776,0.723599,-0.995369,-0.0588061,-0.076046,0.143335,0.0781615,-0.955606,-0.284092,0.743482,0,0,0,1
133198517766874846,-0.0561239,-0.289367,0.955572,0.724449,-0.995372,-0.0585574,-0.0761937,0.143397,0.0780037,-0.955426,-0.284741,0.743504,0,0,0,1
133198517767210614,-0.0560212,-0.289334,0.955587,0.725413,-0.995486,-0.0572481,-0.0756939,0.14353,0.0766063,-0.955515,-0.284821,0.743753,0,0,0,1
133198517767536840,-0.0558728,-0.288359,0.955891,0.726517,-0.995732,-0.0543482,-0.0745962,0.143768,0.0734612,-0.955979,-0.284092,0.74403,0,0,0,1
133198517768196797,-0.0587249,-0.286707,0.956217,0.728855,-0.99565,-0.0525943,-0.0769159,0.143595,0.0723437,-0.956574,-0.282371,0.74384,0,0,0,1
133198517769191200,-0.0608459,-0.291071,0.954765,0.731595,-0.995245,-0.0551983,-0.0802534,0.143099,0.0760609,-0.955108,-0.286329,0.742854,0,0,0,1
133198517769517648,-0.0620503,-0.29308,0.954072,0.732515,-0.995136,-0.0551105,-0.0816501,0.142967,0.0765092,-0.954498,-0.288235,0.742784,0,0,0,1
133198517769847595,-0.0616521,-0.294762,0.95358,0.733489,-0.995186,-0.0547657,-0.0812709,0.142912,0.0761791,-0.954,-0.289967,0.742842,0,0,0,1
133198517770175304,-0.0649565,-0.297286,0.952576,0.734376,-0.994872,-0.0548731,-0.084966,0.142441,0.0775301,-0.95321,-0.292197,0.742982,0,0,0,1
133198517770835564,-0.0670123,-0.297853,0.952257,0.736595,-0.994727,-0.0543188,-0.0869912,0.141785,0.077636,-0.953065,-0.292643,0.743569,0,0,0,1
133198517771164582,-0.0682162,-0.297583,0.952256,0.737845,-0.994507,-0.0556674,-0.0886391,0.141384,0.079387,-0.953072,-0.292151,0.743926,0,0,0,1
133198517771495781,-0.0669925,-0.296088,0.952808,0.739333,-0.994638,-0.0555925,-0.0872093,0.141324,0.0787907,-0.953541,-0.290776,0.74439,0,0,0,1
133198517771828271,-0.0685688,-0.295794,0.952788,0.740945,-0.994583,-0.0545121,-0.0885,0.141061,0.0781163,-0.953695,-0.290454,0.744721,0,0,0,1
133198517772156761,-0.0717006,-0.295757,0.952568,0.742669,-0.994392,-0.0532364,-0.0913777,0.140762,0.0777369,-0.953779,-0.290282,0.744978,0,0,0,1
133198517772490629,-0.0717074,-0.294307,0.953017,0.74466,-0.994499,-0.0520439,-0.0909005,0.140865,0.0763514,-0.954293,-0.288956,0.745264,0,0,0,1
133198517772820230,-0.0722258,-0.293215,0.953315,0.746668,-0.994541,-0.0510049,-0.0910369,0.14091,0.075317,-0.954685,-0.28793,0.745449,0,0,0,1
133198517773145922,-0.0748525,-0.293416,0.95305,0.748561,-0.99432,-0.050548,-0.0936562,0.140694,0.0756551,-0.954647,-0.287966,0.745525,0,0,0,1
133198517773476265,-0.0745959,-0.293152,0.953151,0.750526,-0.994366,-0.0503112,-0.0932953,0.140695,0.0753039,-0.954741,-0.287747,0.745574,0,0,0,1
133198517773807467,-0.0746281,-0.292815,0.953252,0.752476,-0.994422,-0.0495963,-0.093086,0.140668,0.0745348,-0.954882,-0.28748,0.7456,0,0,0,1
133198517774144676,-0.0756689,-0.291852,0.953466,0.754535,-0.994378,-0.0489467,-0.0938981,0.140519,0.0740733,-0.95521,-0.286507,0.745583,0,0,0,1
133198517774470178,-0.0755922,-0.28907,0.954319,0.756657,-0.994406,-0.0489503,-0.093595,0.140442,0.0737698,-0.956055,-0.283753,0.745515,0,0,0,1
133198517774797833,-0.0769629,-0.286144,0.955091,0.758711,-0.994262,-0.0493566,-0.0949065,0.140233,0.074297,-0.956914,-0.280704,0.745324,0,0,0,1
133198517775124588,-0.0781066,-0.284077,0.955615,0.760588,-0.994077,-0.05046,-0.0962507,0.13999,0.0755629,-0.957473,-0.278454,0.744955,0,0,0,1
133198517775459317,-0.0785285,-0.283134,0.95586,0.762265,-0.993947,-0.0516573,-0.0969588,0.139819,0.0768296,-0.957688,-0.277364,0.744492,0,0,0,1
133198517775792052,-0.0785338,-0.283241,0.955828,0.763732,-0.993921,-0.0519564,-0.09706,0.139733,0.0771528,-0.95764,-0.277439,0.744041,0,0,0,1
133198517776114159,-0.0792426,-0.2837,0.955633,0.764965,-0.993939,-0.0507917,-0.0974977,0.139663,0.0761985,-0.957567,-0.277956,0.743642,0,0,0,1
133198517776449729,-0.0808394,-0.284012,0.955407,0.766103,-0.993944,-0.0486088,-0.0985501,0.13965,0.0744307,-0.957588,-0.278363,0.743292,0,0,0,1
133198517776776927,-0.081488,-0.284606,0.955175,0.766963,-0.993971,-0.0473315,-0.0989009,0.139673,0.0733576,-0.957475,-0.279033,0.743012,0,0,0,1
133198517777110088,-0.0822239,-0.285359,0.954887,0.767585,-0.99397,-0.0462661,-0.0994155,0.139684,0.072548,-0.957303,-0.279834,0.742736,0,0,0,1
133198517777445204,-0.0839844,-0.286212,0.954478,0.767998,-0.993863,-0.045137,-0.100985,0.139608,0.0719855,-0.957102,-0.280665,0.742518,0,0,0,1
133198517777804531,-0.0847832,-0.287242,0.954098,0.768145,-0.993805,-0.0446825,-0.101764,0.139654,0.0718624,-0.956815,-0.281674,0.742339,0,0,0,1
133198517778147984,-0.0843943,-0.288271,0.953823,0.768049,-0.993828,-0.0448185,-0.101479,0.13979,0.0720025,-0.956499,-0.282709,0.742312,0,0,0,1
133198517778425920,-0.0833449,-0.288731,0.953776,0.767898,-0.993937,-0.0447929,-0.100414,0.140003,0.0717149,-0.956362,-0.283247,0.74239,0,0,0,1
133198517778769891,-0.0810547,-0.28846,0.954055,0.767735,-0.994192,-0.044595,-0.0979481,0.140295,0.0708003,-0.956453,-0.28317,0.742651,0,0,0,1
133198517779085205,-0.0789845,-0.287583,0.954493,0.767657,-0.994453,-0.0439792,-0.0955417,0.140543,0.069454,-0.956745,-0.282515,0.743001,0,0,0,1
133198517779417957,-0.0787601,-0.286027,0.954979,0.767638,-0.994607,-0.0422978,-0.0946973,0.140701,0.0674798,-0.957287,-0.281153,0.743393,0,0,0,1
133198517779753017,-0.078398,-0.284145,0.955571,0.767584,-0.994751,-0.0409317,-0.0937836,0.14081,0.0657612,-0.957907,-0.279445,0.743721,0,0,0,1
133198517780073818,-0.078312,-0.281944,0.956229,0.767522,-0.994868,-0.0395467,-0.0931367,0.140903,0.0640751,-0.958615,-0.2774,0.743922,0,0,0,1
133198517780411441,-0.0780251,-0.279455,0.956983,0.767462,-0.994967,-0.0387093,-0.0924257,0.140961,0.0628729,-0.959378,-0.275028,0.743947,0,0,0,1
133198517780740895,-0.0776913,-0.27848,0.957295,0.767241,-0.994924,-0.0399361,-0.0923628,0.140853,0.0639518,-0.959611,-0.273963,0.743621,0,0,0,1
133198517781074599,-0.0779428,-0.279208,0.957062,0.766849,-0.994769,-0.0417891,-0.0932053,0.140555,0.0660186,-0.959321,-0.274491,0.742954,0,0,0,1
133198517781403150,-0.0787382,-0.281266,0.956394,0.766426,-0.994548,-0.0436293,-0.0947104,0.140215,0.0683657,-0.958637,-0.276298,0.742128,0,0,0,1
133198517781733261,-0.0791126,-0.284002,0.955554,0.765975,-0.994349,-0.0455885,-0.0958743,0.139837,0.0707909,-0.957739,-0.27879,0.741284,0,0,0,1
133198517782063948,-0.0811337,-0.286665,0.954589,0.765569,-0.994018,-0.0469766,-0.0985922,0.139361,0.0731063,-0.956878,-0.281139,0.740582,0,0,0,1
133198517782399429,-0.0831072,-0.28837,0.953906,0.765196,-0.99375,-0.0476085,-0.100971,0.138963,0.0745311,-0.956335,-0.282611,0.740139,0,0,0,1
133198517782719771,-0.0837989,-0.288777,0.953722,0.764931,-0.993661,-0.0477593,-0.101769,0.138792,0.0749376,-0.956205,-0.282944,0.739942,0,0,0,1
133198517783060706,-0.084281,-0.288585,0.953737,0.764732,-0.993647,-0.0472941,-0.102118,0.138712,0.0745761,-0.956285,-0.282766,0.739936,0,0,0,1
133198517783378241,-0.0851136,-0.289004,0.953537,0.764571,-0.993602,-0.046684,-0.102839,0.138606,0.0742358,-0.956189,-0.283182,0.739961,0,0,0,1
133198517783708524,-0.0858858,-0.290236,0.953093,0.764342,-0.993549,-0.0461533,-0.103586,0.138517,0.0740529,-0.955841,-0.2844,0.739923,0,0,0,1
133198517784036875,-0.0858641,-0.291654,0.952662,0.764117,-0.993556,-0.0459368,-0.103613,0.138501,0.0739815,-0.95542,-0.285831,0.73993,0,0,0,1
133198517784391727,-0.0857613,-0.292713,0.952347,0.763987,-0.993548,-0.0460782,-0.103634,0.138413,0.0742174,-0.95509,-0.286872,0.740052,0,0,0,1
133198517784699915,-0.086396,-0.293011,0.952198,0.763982,-0.993455,-0.0463448,-0.104401,0.13827,0.0747199,-0.954985,-0.287089,0.740225,0,0,0,1
133198517788985422,-0.159428,-0.301392,0.940077,0.774122,-0.983495,-0.0340368,-0.177703,0.127548,0.0855556,-0.952893,-0.290991,0.740535,0,0,0,1
133198517791298453,-0.158612,-0.301233,0.940266,0.776847,-0.983855,-0.0317345,-0.176131,0.127953,0.0828954,-0.953022,-0.291336,0.740826,0,0,0,1
133198517791629653,-0.158053,-0.301037,0.940423,0.777055,-0.983985,-0.031477,-0.175451,0.128111,0.0824189,-0.953093,-0.29124,0.740903,0,0,0,1
133198517792287349,-0.156214,-0.300622,0.940863,0.777332,-0.984322,-0.0316002,-0.173527,0.128412,0.0818975,-0.95322,-0.290972,0.74104,0,0,0,1
133198517793938635,-0.1524,-0.300537,0.941515,0.777633,-0.984965,-0.0322287,-0.169721,0.128991,0.0813514,-0.953225,-0.291107,0.741374,0,0,0,1
133198517794592684,-0.151075,-0.29931,0.94212,0.777853,-0.985187,-0.0326374,-0.16835,0.129244,0.0811373,-0.953597,-0.289946,0.74164,0,0,0,1
133198517796246313,-0.148533,-0.29645,0.943427,0.778142,-0.985681,-0.0326215,-0.165436,0.129664,0.0798195,-0.954491,-0.28736,0.741934,0,0,0,1
133198517797571767,-0.147069,-0.298226,0.943097,0.777435,-0.985781,-0.0341653,-0.164528,0.129709,0.0812877,-0.953884,-0.288961,0.741574,0,0,0,1
133198517798887184,-0.144798,-0.298235,0.943446,0.776664,-0.986132,-0.0346595,-0.162305,0.13004,0.0811043,-0.953863,-0.28908,0.741636,0,0,0,1
133198517799214333,-0.144435,-0.298631,0.943376,0.776481,-0.986187,-0.0346758,-0.161966,0.130092,0.0810802,-0.953739,-0.289498,0.741626,0,0,0,1
133198517799874239,-0.144184,-0.299516,0.943134,0.776151,-0.986211,-0.0347455,-0.161803,0.130087,0.0812324,-0.953458,-0.290376,0.741514,0,0,0,1
133198517805484538,-0.137401,-0.302265,0.943269,0.776804,-0.987253,-0.0354359,-0.155163,0.130873,0.0803261,-0.952565,-0.293543,0.740522,0,0,0,1
133198517809449129,-0.134831,-0.300727,0.944131,0.779741,-0.987753,-0.0347099,-0.152116,0.131136,0.0785163,-0.953078,-0.292364,0.740845,0,0,0,1
133198517811756091,-0.13563,-0.299369,0.944448,0.78223,-0.987674,-0.034324,-0.152718,0.131063,0.0781365,-0.95352,-0.291024,0.740699,0,0,0,1
133198517812413858,-0.135659,-0.299082,0.944535,0.782956,-0.987649,-0.0346113,-0.152811,0.131032,0.0783949,-0.953599,-0.290693,0.740439,0,0,0,1
133198517813075576,-0.13582,-0.299246,0.94446,0.783675,-0.98758,-0.0351058,-0.153144,0.130907,0.0789836,-0.95353,-0.290761,0.740161,0,0,0,1
133198517814739482,-0.137237,-0.300507,0.943854,0.785319,-0.987199,-0.0366802,-0.155218,0.130556,0.0812652,-0.953074,-0.291626,0.739231,0,0,0,1
133198517815391282,-0.136975,-0.301929,0.943439,0.785594,-0.987188,-0.0370809,-0.155193,0.130535,0.0818409,-0.952609,-0.292981,0.739109,0,0,0,1
133198517818026083,-0.13506,-0.29853,0.944795,0.784419,-0.988113,-0.0300853,-0.150759,0.131428,0.0734307,-0.953926,-0.290918,0.743695,0,0,0,1
133198517821339293,-0.147392,-0.303584,0.941335,0.777217,-0.986502,-0.0235317,-0.162053,0.130068,0.0713477,-0.952514,-0.296018,0.748023,0,0,0,1
133198517821656408,-0.148872,-0.306527,0.940148,0.775953,-0.986268,-0.0227183,-0.163582,0.129926,0.0715009,-0.951591,-0.298936,0.747598,0,0,0,1
133198517821989174,-0.148932,-0.309346,0.939215,0.774507,-0.986226,-0.02264,-0.163844,0.129933,0.0719483,-0.95068,-0.301713,0.747073,0,0,0,1
133198517822322483,-0.148632,-0.311788,0.938454,0.772987,-0.986168,-0.0236626,-0.16405,0.129948,0.0733553,-0.949857,-0.303959,0.746545,0,0,0,1
133198517822648043,-0.146821,-0.31301,0.938333,0.771628,-0.986349,-0.0251808,-0.162733,0.130232,0.0745654,-0.949416,-0.30504,0.746127,0,0,0,1
133198517822978382,-0.144232,-0.313377,0.938612,0.770393,-0.986591,-0.0276856,-0.160848,0.130516,0.076392,-0.949225,-0.305181,0.745824,0,0,0,1
133198517823305108,-0.143042,-0.313486,0.938757,0.769326,-0.986535,-0.0308282,-0.160617,0.13061,0.0792913,-0.949092,-0.304855,0.745687,0,0,0,1
133198517823642759,-0.141134,-0.313464,0.939054,0.768415,-0.986566,-0.0342944,-0.159723,0.130744,0.0822715,-0.948981,-0.304413,0.745642,0,0,0,1
133198517823963421,-0.139488,-0.313465,0.939299,0.767742,-0.986598,-0.0370997,-0.158893,0.130805,0.0846553,-0.948874,-0.30409,0.74573,0,0,0,1
133198517824319356,-0.138369,-0.313291,0.939523,0.767155,-0.986555,-0.039706,-0.158536,0.130816,0.0869725,-0.948827,-0.303585,0.745973,0,0,0,1
133198517824631265,-0.137583,-0.31274,0.939822,0.766719,-0.986507,-0.0417507,-0.15831,0.130818,0.0887478,-0.948921,-0.302776,0.746272,0,0,0,1
133198517824954319,-0.136616,-0.311653,0.940324,0.766385,-0.986537,-0.0433404,-0.157694,0.130901,0.0898995,-0.949207,-0.301537,0.746736,0,0,0,1
133198517825290078,-0.135579,-0.31005,0.941003,0.766048,-0.986656,-0.044172,-0.156711,0.131034,0.0901543,-0.949694,-0.299924,0.747288,0,0,0,1
133198517825620899,-0.134504,-0.308687,0.941605,0.765719,-0.986791,-0.0448496,-0.155662,0.131209,0.0902817,-0.950105,-0.298577,0.747886,0,0,0,1
133198517825944826,-0.133203,-0.307425,0.942203,0.765372,-0.986984,-0.0452899,-0.154311,0.131413,0.0901113,-0.950494,-0.297391,0.748476,0,0,0,1
133198517826295101,-0.131897,-0.306188,0.942789,0.764962,-0.987192,-0.0455369,-0.152898,0.131644,0.0897474,-0.950881,-0.29626,0.749124,0,0,0,1
133198517833202494,-0.122999,-0.309123,0.943035,0.762244,-0.988034,-0.0509584,-0.145573,0.132408,0.0930554,-0.949656,-0.299157,0.751681,0,0,0,1
133198517833534674,-0.122863,-0.308251,0.943338,0.762257,-0.988085,-0.0507936,-0.145288,0.132483,0.0927007,-0.949948,-0.298338,0.751841,0,0,0,1
133198517833865013,-0.123018,-0.307315,0.943623,0.762305,-0.988068,-0.0508659,-0.145378,0.132481,0.0926749,-0.950247,-0.297391,0.752003,0,0,0,1
133198517837018436,-0.121958,-0.302278,0.945386,0.762479,-0.988124,-0.0527265,-0.14433,0.132695,0.0934744,-0.951761,-0.292258,0.752488,0,0,0,1
133198517837337902,-0.12199,-0.302433,0.945332,0.762523,-0.988122,-0.0526686,-0.144362,0.132704,0.0934492,-0.951714,-0.292416,0.752432,0,0,0,1
133198517837607837,-0.122006,-0.302709,0.945242,0.762521,-0.988103,-0.0528023,-0.144448,0.132688,0.0936365,-0.951619,-0.292665,0.752332,0,0,0,1
133198517837918919,-0.12197,-0.303229,0.94508,0.762576,-0.988077,-0.0530345,-0.144535,0.132661,0.0939492,-0.951441,-0.293145,0.752185,0,0,0,1
133198517838250038,-0.121951,-0.303979,0.944841,0.762585,-0.988031,-0.053416,-0.144711,0.132673,0.0944589,-0.95118,-0.293827,0.752024,0,0,0,1
133198517838584803,-0.121476,-0.304636,0.944691,0.762661,-0.988086,-0.0534999,-0.144308,0.132689,0.0945023,-0.950965,-0.294508,0.751837,0,0,0,1
133198517838925433,-0.121296,-0.305372,0.944476,0.762789,-0.988099,-0.0535272,-0.144205,0.132667,0.0945913,-0.950728,-0.295245,0.751683,0,0,0,1
133198517839236423,-0.121654,-0.306341,0.944116,0.762937,-0.98804,-0.0534214,-0.144647,0.132614,0.0947474,-0.950421,-0.296179,0.751515,0,0,0,1
133198517839599480,-0.121866,-0.307385,0.94375,0.763149,-0.988081,-0.0525228,-0.144697,0.132678,0.0940459,-0.950135,-0.29732,0.751321,0,0,0,1
133198517840556190,-0.123359,-0.310863,0.942415,0.764012,-0.987607,-0.054395,-0.147217,0.132313,0.0970269,-0.948897,-0.300301,0.750951,0,0,0,1
133198517840888808,-0.122428,-0.311832,0.942217,0.764473,-0.987932,-0.0524583,-0.14573,0.132533,0.0948704,-0.948688,-0.301646,0.751236,0,0,0,1
133198517841221557,-0.122244,-0.311308,0.942414,0.765159,-0.988114,-0.0509944,-0.145017,0.13267,0.0932028,-0.94894,-0.301374,0.751798,0,0,0,1
133198517841553849,-0.123339,-0.308977,0.943038,0.766091,-0.988185,-0.0488874,-0.145261,0.132728,0.090985,-0.949812,-0.299297,0.752633,0,0,0,1
133198517842209006,-0.123666,-0.301739,0.945336,0.76837,-0.988623,-0.0447321,-0.143606,0.132964,0.0856186,-0.95234,-0.292775,0.754099,0,0,0,1
133198517842542261,-0.125206,-0.299516,0.94584,0.769377,-0.988538,-0.0434009,-0.144601,0.132852,0.0843606,-0.953104,-0.290649,0.754419,0,0,0,1
133198517842866403,-0.125975,-0.298205,0.946152,0.770241,-0.988526,-0.0424019,-0.144981,0.132714,0.0833526,-0.95356,-0.289442,0.754472,0,0,0,1
133198517843199001,-0.127503,-0.29795,0.946028,0.770914,-0.988374,-0.041486,-0.146276,0.132474,0.0828296,-0.95368,-0.289196,0.754143,0,0,0,1
133198517843550003,-0.128987,-0.298311,0.945713,0.771454,-0.988179,-0.0410163,-0.147717,0.132155,0.0828554,-0.953587,-0.289494,0.753349,0,0,0,1
133198517843857687,-0.131233,-0.300082,0.944843,0.771667,-0.987655,-0.0426532,-0.150726,0.131626,0.0855305,-0.952959,-0.29078,0.752312,0,0,0,1
133198517844246744,-0.13381,-0.303855,0.943275,0.771593,-0.986803,-0.0467305,-0.155038,0.130841,0.0911887,-0.951572,-0.293591,0.750678,0,0,0,1
133198517844524755,-0.134404,-0.307159,0.942119,0.77135,-0.986339,-0.0499083,-0.156984,0.130401,0.0952388,-0.950348,-0.296255,0.749542,0,0,0,1
133198517845514210,-0.132037,-0.31805,0.938835,0.770337,-0.986034,-0.054841,-0.157254,0.130141,0.101501,-0.946486,-0.306367,0.746936,0,0,0,1
133198517848809236,-0.132241,-0.314168,0.940112,0.773484,-0.985757,-0.057735,-0.157956,0.12993,0.103902,-0.94761,-0.302058,0.745555,0,0,0,1
133198517849139271,-0.132274,-0.314641,0.939949,0.77375,-0.985639,-0.0586731,-0.158344,0.129874,0.104971,-0.947396,-0.302361,0.745118,0,0,0,1
133198517849471821,-0.131622,-0.314874,0.939963,0.774036,-0.985631,-0.0596902,-0.158012,0.129856,0.105861,-0.947255,-0.302493,0.744782,0,0,0,1
133198517849799062,-0.131448,-0.314622,0.940072,0.774326,-0.985633,-0.0599766,-0.157891,0.129892,0.106058,-0.94732,-0.302218,0.744525,0,0,0,1
133198517850153742,-0.131158,-0.314304,0.940219,0.774608,-0.985631,-0.06049,-0.157714,0.12992,0.106444,-0.947393,-0.301854,0.744278,0,0,0,1
133198517850459106,-0.130979,-0.314302,0.940244,0.774796,-0.985635,-0.0607132,-0.157598,0.129965,0.106618,-0.94738,-0.301835,0.744046,0,0,0,1
133198517850786510,-0.13095,-0.314681,0.940122,0.774906,-0.985648,-0.0605828,-0.157569,0.130013,0.106539,-0.947262,-0.302231,0.74378,0,0,0,1
133198517851119322,-0.130716,-0.315492,0.939882,0.774905,-0.985685,-0.0604671,-0.157383,0.130065,0.106485,-0.947,-0.303071,0.743513,0,0,0,1
133198517852161396,-0.129056,-0.319573,0.938732,0.774182,-0.985882,-0.0604947,-0.156132,0.130324,0.106684,-0.945629,-0.307254,0.743121,0,0,0,1
133198517852437488,-0.128487,-0.319845,0.938717,0.773987,-0.986099,-0.0593517,-0.155196,0.130422,0.105353,-0.945609,-0.307773,0.743269,0,0,0,1
133198517852768747,-0.12874,-0.319845,0.938682,0.773818,-0.986209,-0.0579815,-0.155015,0.130474,0.104007,-0.945694,-0.30797,0.743461,0,0,0,1
133198517853101318,-0.129704,-0.32036,0.938374,0.773567,-0.98615,-0.0569792,-0.155761,0.130386,0.103367,-0.945581,-0.308533,0.743576,0,0,0,1
133198517853426750,-0.130125,-0.321019,0.938091,0.773281,-0.986248,-0.0553286,-0.155738,0.13036,0.101898,-0.945455,-0.309405,0.743557,0,0,0,1
133198517853764415,-0.130574,-0.322252,0.937605,0.77286,-0.986303,-0.0539083,-0.155884,0.130335,0.100779,-0.945118,-0.3108,0.743344,0,0,0,1
133198517854416728,-0.129683,-0.326272,0.936338,0.771887,-0.986282,-0.054816,-0.155701,0.13022,0.102127,-0.943685,-0.314687,0.742562,0,0,0,1
133198517854753728,-0.128705,-0.327879,0.935912,0.771495,-0.986419,-0.0547801,-0.154842,0.130276,0.102039,-0.94313,-0.316375,0.74217,0,0,0,1
133198517855081577,-0.12892,-0.329834,0.935195,0.771129,-0.986347,-0.0547981,-0.155298,0.130241,0.102469,-0.942447,-0.318266,0.741766,0,0,0,1
133198517855406948,-0.129429,-0.331792,0.934432,0.770766,-0.986275,-0.0543518,-0.155909,0.130256,0.102517,-0.941786,-0.320203,0.741404,0,0,0,1
133198517855740920,-0.127387,-0.332218,0.934561,0.770634,-0.986701,-0.0534675,-0.153501,0.130491,0.100964,-0.941686,-0.320988,0.741081,0,0,0,1
133198517856109851,-0.128459,-0.332907,0.934169,0.770542,-0.986584,-0.0527924,-0.154481,0.130408,0.100745,-0.941481,-0.321659,0.740599,0,0,0,1
133198517856401622,-0.128009,-0.332748,0.934287,0.770631,-0.986642,-0.052976,-0.154049,0.130388,0.100754,-0.941527,-0.321522,0.740088,0,0,0,1
133198517857056794,-0.128606,-0.333925,0.933785,0.771119,-0.98606,-0.0571884,-0.156256,0.129892,0.105579,-0.940863,-0.321915,0.738675,0,0,0,1
133198517857396236,-0.127047,-0.333979,0.933979,0.77178,-0.986143,-0.0587493,-0.15515,0.129801,0.106687,-0.940748,-0.321887,0.737867,0,0,0,1
133198517857720715,-0.129165,-0.336291,0.932859,0.772462,-0.985485,-0.060975,-0.158432,0.129318,0.11016,-0.939782,-0.323534,0.737017,0,0,0,1
133198517858050906,-0.1281,-0.337074,0.932722,0.773556,-0.985451,-0.0626607,-0.157986,0.129142,0.111698,-0.93939,-0.324143,0.736289,0,0,0,1
133198517859038915,-0.131566,-0.33234,0.933938,0.778189,-0.984576,-0.065801,-0.162115,0.128319,0.115331,-0.940862,-0.318556,0.735406,0,0,0,1
133198517859367641,-0.132686,-0.329676,0.934723,0.77972,-0.9846,-0.0644633,-0.162503,0.128327,0.113829,-0.941891,-0.316046,0.735532,0,0,0,1
133198517859699095,-0.133694,-0.326427,0.93572,0.781168,-0.984835,-0.0615884,-0.162197,0.128513,0.110575,-0.943214,-0.313243,0.735806,0,0,0,1
133198517860028427,-0.134603,-0.322768,0.936858,0.782509,-0.985063,-0.0588783,-0.161814,0.128737,0.107389,-0.944645,-0.310022,0.736068,0,0,0,1
133198517860356364,-0.135612,-0.319886,0.937701,0.783515,-0.985152,-0.0570382,-0.161933,0.128882,0.105285,-0.945738,-0.307401,0.736198,0,0,0,1
133198517860689885,-0.136789,-0.319078,0.937805,0.78408,-0.985103,-0.0557795,-0.162666,0.128942,0.104214,-0.946086,-0.306695,0.736149,0,0,0,1
133198517861041868,-0.137053,-0.319808,0.937517,0.784316,-0.985182,-0.054513,-0.162617,0.129152,0.103113,-0.945913,-0.307598,0.735998,0,0,0,1
133198517861348458,-0.135182,-0.320636,0.937506,0.784452,-0.985572,-0.053745,-0.160495,0.12956,0.101847,-0.945676,-0.308745,0.735884,0,0,0,1
133198517861678586,-0.133629,-0.320852,0.937655,0.784615,-0.98593,-0.0528373,-0.15859,0.12993,0.100427,-0.945654,-0.309277,0.735803,0,0,0,1
133198517862011197,-0.133425,-0.320808,0.9377,0.784806,-0.986134,-0.0512398,-0.157846,0.130135,0.0986858,-0.945758,-0.309523,0.735775,0,0,0,1
133198517862336761,-0.134436,-0.320353,0.93771,0.785028,-0.98619,-0.049116,-0.158166,0.130271,0.0967258,-0.946024,-0.309326,0.735781,0,0,0,1
133198517862676824,-0.134385,-0.319578,0.937982,0.785184,-0.986342,-0.0478334,-0.15761,0.130432,0.0952357,-0.946352,-0.308785,0.735776,0,0,0,1
133198517863001534,-0.134166,-0.318706,0.93831,0.785289,-0.986495,-0.0468128,-0.156957,0.130592,0.0939478,-0.946697,-0.308121,0.735746,0,0,0,1
133198517863329266,-0.133483,-0.318073,0.938622,0.785331,-0.986773,-0.0452466,-0.155663,0.130801,0.091982,-0.946986,-0.307826,0.735659,0,0,0,1
133198517863658064,-0.133977,-0.317562,0.938725,0.785326,-0.986867,-0.0435039,-0.155565,0.130884,0.0902398,-0.947239,-0.307563,0.735471,0,0,0,1
133198517863990058,-0.135042,-0.317557,0.938574,0.785205,-0.986751,-0.0428641,-0.156476,0.130755,0.0899212,-0.94727,-0.307561,0.735147,0,0,0,1
133198517864316889,-0.136516,-0.31767,0.938323,0.784989,-0.986567,-0.0421886,-0.157818,0.130607,0.0897206,-0.947262,-0.307643,0.734748,0,0,0,1
133198517864652380,-0.137261,-0.318159,0.938048,0.784586,-0.986428,-0.0422453,-0.158668,0.130492,0.0901096,-0.947096,-0.308042,0.734237,0,0,0,1
133198517864983701,-0.137741,-0.319536,0.93751,0.784009,-0.986227,-0.0432512,-0.15964,0.130347,0.0915592,-0.946587,-0.309177,0.733695,0,0,0,1
133198517865307730,-0.137335,-0.321682,0.936835,0.783277,-0.986096,-0.0449317,-0.159985,0.130336,0.0935578,-0.945781,-0.311039,0.733088,0,0,0,1
133198517865646665,-0.135379,-0.324524,0.936139,0.782351,-0.986167,-0.0470729,-0.158932,0.13045,0.0956436,-0.944706,-0.313662,0.732484,0,0,0,1
133198517865982577,-0.132631,-0.326972,0.93568,0.781483,-0.986413,-0.0487876,-0.156871,0.130705,0.0969422,-0.943774,-0.316059,0.731976,0,0,0,1
133198517866296652,-0.130796,-0.328992,0.935231,0.780768,-0.986565,-0.0499523,-0.155547,0.130886,0.0978907,-0.943011,-0.318038,0.731601,0,0,0,1
133198517866633398,-0.129489,-0.330775,0.934784,0.780088,-0.986693,-0.0505085,-0.154552,0.131024,0.0983361,-0.942357,-0.319834,0.731329,0,0,0,1
133198517866961996,-0.128498,-0.331842,0.934542,0.779567,-0.98684,-0.0504855,-0.153615,0.131153,0.0981568,-0.941983,-0.320988,0.731147,0,0,0,1
133198517867287428,-0.128325,-0.332528,0.934322,0.779127,-0.986901,-0.0500623,-0.153364,0.13117,0.0977721,-0.941764,-0.321748,0.731056,0,0,0,1
133198517867618028,-0.12943,-0.332622,0.934136,0.778778,-0.986786,-0.049405,-0.154316,0.131066,0.0974798,-0.941765,-0.321832,0.731021,0,0,0,1
133198517867956032,-0.129297,-0.331976,0.934384,0.778533,-0.986854,-0.0490627,-0.153988,0.13105,0.0969638,-0.942011,-0.321269,0.730934,0,0,0,1
133198517868279066,-0.129377,-0.331223,0.934641,0.778342,-0.986803,-0.0495517,-0.154158,0.130967,0.0973737,-0.94225,-0.320441,0.730752,0,0,0,1
133198517870259574,-0.13448,-0.331626,0.933777,0.776017,-0.985126,-0.0569823,-0.162112,0.129358,0.106969,-0.941688,-0.319031,0.728001,0,0,0,1
133198517872566614,-0.127738,-0.337643,0.932566,0.771368,-0.986589,-0.0530734,-0.154354,0.130819,0.101611,-0.939777,-0.326336,0.729219,0,0,0,1
133198517874548390,-0.128197,-0.331421,0.934733,0.769725,-0.987067,-0.0488381,-0.152691,0.131384,0.0962555,-0.942218,-0.320874,0.732886,0,0,0,1
133198517874884042,-0.128088,-0.330462,0.935087,0.769497,-0.987199,-0.0478643,-0.152141,0.13151,0.0950342,-0.942605,-0.320101,0.7335,0,0,0,1
133198517875540077,-0.12798,-0.329041,0.935603,0.768983,-0.987392,-0.04634,-0.151361,0.131747,0.0931595,-0.943178,-0.318962,0.734513,0,0,0,1
133198517875871018,-0.127446,-0.328406,0.935899,0.768704,-0.987535,-0.0458667,-0.150572,0.131895,0.0923754,-0.943422,-0.318467,0.734907,0,0,0,1
133198517876200836,-0.126946,-0.32781,0.936176,0.768408,-0.987672,-0.0453715,-0.149816,0.132049,0.0915869,-0.943654,-0.318009,0.735248,0,0,0,1
133198517876526799,-0.126431,-0.327542,0.93634,0.768007,-0.987786,-0.0450946,-0.149151,0.132232,0.0910771,-0.94376,-0.31784,0.735493,0,0,0,1
133198517876857262,-0.12616,-0.327851,0.936268,0.767341,-0.987823,-0.0451071,-0.148902,0.132428,0.0910498,-0.943652,-0.318168,0.735672,0,0,0,1
133198517877188245,-0.125612,-0.328099,0.936255,0.766491,-0.987854,-0.0456452,-0.14853,0.13261,0.0914681,-0.94354,-0.31838,0.735871,0,0,0,1
133198517877523703,-0.125201,-0.327964,0.936357,0.765461,-0.987806,-0.0468215,-0.14848,0.132634,0.0925377,-0.943529,-0.318103,0.736259,0,0,0,1
133198517877851715,-0.127534,-0.325989,0.936731,0.764399,-0.987536,-0.0460969,-0.150493,0.132474,0.0922397,-0.944249,-0.316047,0.736964,0,0,0,1
133198517878181316,-0.131384,-0.321541,0.937737,0.763354,-0.987258,-0.0432231,-0.153143,0.13235,0.0897737,-0.945909,-0.311765,0.737974,0,0,0,1
133198517878509750,-0.133448,-0.316247,0.939244,0.76219,-0.987331,-0.0396694,-0.153637,0.132497,0.0858466,-0.947847,-0.306946,0.73896,0,0,0,1
133198517879498158,-0.143116,-0.304332,0.941753,0.758278,-0.986119,-0.0370877,-0.161843,0.131584,0.0841817,-0.951844,-0.2948,0.73998,0,0,0,1
133198517880169889,-0.155092,-0.296195,0.942452,0.756374,-0.983785,-0.0406785,-0.174679,0.129589,0.0900764,-0.954261,-0.285084,0.740344,0,0,0,1
133198517880485523,-0.157018,-0.294562,0.942644,0.755551,-0.983316,-0.0421361,-0.176959,0.129101,0.0918449,-0.954703,-0.283031,0.740659,0,0,0,1
133198517880819307,-0.158428,-0.295534,0.942104,0.754603,-0.982956,-0.0429147,-0.178761,0.12875,0.0932602,-0.954368,-0.283698,0.740984,0,0,0,1
133198517882468192,-0.153938,-0.325049,0.933084,0.748359,-0.983516,-0.0402583,-0.176283,0.129861,0.0948653,-0.94484,-0.313493,0.741395,0,0,0,1
133198517883132497,-0.147857,-0.335229,0.930462,0.746243,-0.984431,-0.0405269,-0.171035,0.131038,0.0950444,-0.941265,-0.324018,0.741376,0,0,0,1
133198517885108541,-0.133091,-0.350352,0.927114,0.744575,-0.986466,-0.0435666,-0.158075,0.133521,0.0957728,-0.935604,-0.339812,0.740533,0,0,0,1
133198517885438178,-0.13214,-0.351693,0.926742,0.744873,-0.986557,-0.0440259,-0.157377,0.133622,0.0961487,-0.93508,-0.341147,0.74025,0,0,0,1
133198517887087839,-0.131663,-0.354729,0.925652,0.747914,-0.986193,-0.0477424,-0.15857,0.13317,0.100442,-0.933749,-0.343546,0.738269,0,0,0,1
133198517887420326,-0.130963,-0.356325,0.925138,0.74865,-0.986233,-0.0482072,-0.158179,0.133149,0.100962,-0.933118,-0.345106,0.737696,0,0,0,1
133198517887749946,-0.130737,-0.3582,0.924446,0.749473,-0.98614,-0.0490985,-0.158487,0.133014,0.102159,-0.932353,-0.346816,0.737102,0,0,0,1
133198517888076891,-0.131479,-0.359808,0.923716,0.750362,-0.985908,-0.0497656,-0.159716,0.132712,0.103436,-0.931698,-0.348194,0.736561,0,0,0,1
133198517888408204,-0.133009,-0.360688,0.923154,0.751254,-0.985642,-0.0496082,-0.161395,0.132506,0.104009,-0.931366,-0.348911,0.736105,0,0,0,1
133198517889066055,-0.134208,-0.360036,0.923234,0.752846,-0.985331,-0.0506175,-0.162974,0.132292,0.105409,-0.931564,-0.347962,0.735574,0,0,0,1
133198517891052869,-0.128803,-0.359682,0.924142,0.754235,-0.986188,-0.0513914,-0.157453,0.133158,0.104126,-0.931658,-0.348095,0.735151,0,0,0,1
133198517893358729,-0.125275,-0.361974,0.923732,0.754971,-0.98662,-0.0524641,-0.154363,0.133495,0.104338,-0.930711,-0.350559,0.734953,0,0,0,1
133198517893690305,-0.125824,-0.36204,0.923631,0.755229,-0.986523,-0.0524968,-0.15497,0.13338,0.104593,-0.930683,-0.350556,0.735056,0,0,0,1
133198517894378569,-0.127342,-0.36182,0.92351,0.755777,-0.986262,-0.0525862,-0.156598,0.133129,0.105224,-0.930764,-0.350153,0.735341,0,0,0,1
133198517894690506,-0.127928,-0.361837,0.923422,0.75597,-0.986184,-0.0523885,-0.157151,0.133077,0.10524,-0.930768,-0.350136,0.735519,0,0,0,1
133198517895016828,-0.128184,-0.36182,0.923393,0.756121,-0.986149,-0.0523137,-0.157395,0.133016,0.105255,-0.930779,-0.350103,0.735686,0,0,0,1
133198517897977782,-0.129374,-0.359229,0.924239,0.756938,-0.98603,-0.0520163,-0.158241,0.132817,0.10492,-0.931799,-0.347481,0.73752,0,0,0,1
133198517900311706,-0.130941,-0.359305,0.923988,0.756804,-0.985984,-0.0500019,-0.15917,0.132752,0.103392,-0.93188,-0.347721,0.738661,0,0,0,1
133198517903587402,-0.130368,-0.357386,0.924813,0.755636,-0.986148,-0.0497413,-0.158236,0.132815,0.102553,-0.932631,-0.34595,0.739551,0,0,0,1
133198517903928818,-0.130545,-0.357468,0.924757,0.755525,-0.986113,-0.0497613,-0.158442,0.132757,0.102655,-0.932599,-0.346008,0.739565,0,0,0,1
133198517904248574,-0.130513,-0.357634,0.924697,0.755472,-0.986124,-0.0496906,-0.158401,0.132735,0.102598,-0.932539,-0.346186,0.739549,0,0,0,1
133198517904578616,-0.131304,-0.357601,0.924598,0.755452,-0.986055,-0.0490813,-0.159014,0.132734,0.102244,-0.932584,-0.346169,0.739539,0,0,0,1
133198517904905952,-0.131413,-0.35725,0.924718,0.755402,-0.986049,-0.0490302,-0.15907,0.13271,0.102167,-0.932721,-0.345823,0.739475,0,0,0,1
133198517905238615,-0.131354,-0.356911,0.924857,0.755305,-0.985987,-0.0497398,-0.159231,0.132625,0.102834,-0.932813,-0.345376,0.739348,0,0,0,1
133198517905570987,-0.131372,-0.356958,0.924837,0.755196,-0.985896,-0.0505301,-0.159548,0.132516,0.103684,-0.932753,-0.345285,0.739178,0,0,0,1
133198517905896901,-0.131423,-0.357541,0.924604,0.755039,-0.985808,-0.0511392,-0.159898,0.132438,0.104454,-0.932496,-0.345746,0.739013,0,0,0,1
133198517906560555,-0.131658,-0.358772,0.924094,0.754684,-0.98568,-0.0517017,-0.160505,0.132289,0.105362,-0.931992,-0.346828,0.738812,0,0,0,1
133198517906886371,-0.131651,-0.358639,0.924146,0.754561,-0.985686,-0.0516816,-0.160474,0.13232,0.105313,-0.932045,-0.346701,0.738848,0,0,0,1
133198517907220922,-0.131773,-0.358081,0.924345,0.754497,-0.985687,-0.0515848,-0.160501,0.132301,0.105154,-0.932265,-0.346158,0.738949,0,0,0,1
133198517907548375,-0.131751,-0.357807,0.924454,0.754385,-0.985707,-0.0514863,-0.160408,0.132288,0.104992,-0.932375,-0.345909,0.73903,0,0,0,1
133198517907880296,-0.132109,-0.357949,0.924348,0.754237,-0.985681,-0.051141,-0.160679,0.13229,0.104787,-0.93234,-0.346068,0.739088,0,0,0,1
133198517908213691,-0.132218,-0.358251,0.924216,0.754086,-0.985686,-0.0508761,-0.160733,0.132281,0.104603,-0.932238,-0.346397,0.739138,0,0,0,1
133198517908538227,-0.13239,-0.358164,0.924225,0.753959,-0.985673,-0.050743,-0.160856,0.132276,0.104511,-0.932279,-0.346314,0.739218,0,0,0,1
133198517910190574,-0.132203,-0.357483,0.924515,0.753281,-0.985703,-0.050879,-0.160627,0.132327,0.10446,-0.932533,-0.345646,0.739503,0,0,0,1
133198517911514734,-0.131584,-0.358851,0.924073,0.752479,-0.985632,-0.0522223,-0.160629,0.132273,0.105899,-0.931933,-0.346824,0.739285,0,0,0,1
133198517913155454,-0.131233,-0.361735,0.922998,0.751768,-0.985796,-0.0508134,-0.160076,0.132442,0.104806,-0.930895,-0.349928,0.73898,0,0,0,1
133198517913486882,-0.131332,-0.361991,0.922883,0.751698,-0.985723,-0.0512633,-0.160382,0.132362,0.105367,-0.930771,-0.35009,0.738858,0,0,0,1
133198517913817509,-0.131565,-0.361964,0.922861,0.751675,-0.985625,-0.0517765,-0.16082,0.13228,0.105993,-0.930753,-0.349949,0.73877,0,0,0,1
133198517914153274,-0.131684,-0.361846,0.922891,0.751649,-0.985533,-0.0524198,-0.161175,0.132181,0.106698,-0.930763,-0.349708,0.73872,0,0,0,1
133198517914478574,-0.131887,-0.361747,0.9229,0.75163,-0.98547,-0.0526745,-0.161475,0.132131,0.107027,-0.930787,-0.349543,0.738747,0,0,0,1
133198517914808283,-0.131468,-0.361519,0.92305,0.751643,-0.985546,-0.0526901,-0.161005,0.132166,0.106842,-0.930875,-0.349366,0.738881,0,0,0,1
133198517915465957,-0.131173,-0.36034,0.923552,0.751813,-0.98574,-0.051645,-0.160156,0.132392,0.105407,-0.93139,-0.348427,0.739301,0,0,0,1
133198517915796812,-0.130894,-0.359541,0.923903,0.751967,-0.985827,-0.0514394,-0.159685,0.132462,0.104938,-0.93171,-0.347712,0.739519,0,0,0,1
133198517916183092,-0.131066,-0.358768,0.924179,0.752133,-0.98585,-0.0510999,-0.159649,0.132501,0.104502,-0.932027,-0.346994,0.739712,0,0,0,1
133198517916458723,-0.131355,-0.358278,0.924328,0.752236,-0.985845,-0.0507815,-0.15978,0.132505,0.104185,-0.932233,-0.346536,0.739837,0,0,0,1
133198517916785490,-0.132214,-0.357533,0.924494,0.752317,-0.985732,-0.05059,-0.160537,0.132448,0.104167,-0.932529,-0.345743,0.739962,0,0,0,1
133198517917120280,-0.133636,-0.356305,0.924764,0.752294,-0.985544,-0.0502701,-0.161788,0.132311,0.104134,-0.933017,-0.344436,0.740066,0,0,0,1
133198517917448909,-0.134932,-0.35466,0.925208,0.752075,-0.985426,-0.049582,-0.162721,0.13225,0.103584,-0.93368,-0.342801,0.740122,0,0,0,1
133198517917775985,-0.134906,-0.353336,0.925718,0.751627,-0.985442,-0.0497038,-0.162581,0.132284,0.103458,-0.934175,-0.341487,0.740027,0,0,0,1
133198517918158423,-0.133015,-0.35297,0.926132,0.750782,-0.985644,-0.0509332,-0.160974,0.132456,0.10399,-0.934248,-0.341127,0.739693,0,0,0,1
133198517918437877,-0.13172,-0.353313,0.926185,0.750088,-0.985767,-0.0517797,-0.159946,0.132578,0.104469,-0.934071,-0.341464,0.739351,0,0,0,1
133198517918765777,-0.130399,-0.354004,0.926109,0.749298,-0.985897,-0.0525258,-0.158895,0.132696,0.104894,-0.933768,-0.342162,0.738914,0,0,0,1
133198517919097255,-0.129782,-0.354447,0.926026,0.748667,-0.985914,-0.0532383,-0.158553,0.132745,0.105498,-0.93356,-0.342545,0.738546,0,0,0,1
133198517919428166,-0.128741,-0.354714,0.926069,0.748253,-0.986064,-0.0534434,-0.157552,0.132859,0.105378,-0.933446,-0.34289,0.738227,0,0,0,1
133198517919764668,-0.128012,-0.355333,0.925933,0.748038,-0.986262,-0.0526755,-0.156567,0.133026,0.104407,-0.933254,-0.343709,0.7379,0,0,0,1
133198517920088761,-0.128056,-0.356221,0.925585,0.748074,-0.98636,-0.0515785,-0.156315,0.133113,0.103423,-0.932977,-0.344757,0.737533,0,0,0,1
133198517920418392,-0.126725,-0.35821,0.925001,0.74828,-0.986576,-0.0513123,-0.155032,0.133289,0.102998,-0.93223,-0.346899,0.737094,0,0,0,1
133198517920747436,-0.125852,-0.36082,0.924105,0.74869,-0.986764,-0.0504968,-0.154102,0.13335,0.102268,-0.931267,-0.349689,0.736638,0,0,0,1
133198517921743653,-0.129148,-0.367496,0.921014,0.751237,-0.986569,-0.0460551,-0.156718,0.133047,0.100011,-0.928884,-0.356612,0.735942,0,0,0,1
133198517925035164,-0.130641,-0.358233,0.924447,0.764368,-0.98799,-0.0305662,-0.151465,0.13434,0.0825165,-0.933132,-0.349938,0.737752,0,0,0,1
133198517925705513,-0.128513,-0.35872,0.924556,0.765782,-0.988444,-0.0292429,-0.148739,0.134483,0.0803924,-0.932987,-0.350817,0.738272,0,0,0,1
133198517926707468,-0.139148,-0.346745,0.927581,0.768257,-0.986934,-0.0282774,-0.158622,0.132813,0.081231,-0.937533,-0.33828,0.739272,0,0,0,1
133198517928011048,-0.154162,-0.338452,0.928269,0.767007,-0.98437,-0.0283425,-0.173813,0.1304,0.0851372,-0.940557,-0.328792,0.737499,0,0,0,1
133198517928335929,-0.154551,-0.336443,0.928935,0.765923,-0.984353,-0.0281115,-0.173952,0.130412,0.0846386,-0.941284,-0.326834,0.736533,0,0,0,1
133198517928670237,-0.153318,-0.33479,0.929736,0.764699,-0.98449,-0.0294443,-0.17295,0.130622,0.0852775,-0.941832,-0.325083,0.735303,0,0,0,1
133198517928996104,-0.150104,-0.333992,0.930547,0.763527,-0.984824,-0.0324346,-0.1705,0.130882,0.0871277,-0.942018,-0.324055,0.733899,0,0,0,1
133198517929326837,-0.147685,-0.334304,0.930822,0.762448,-0.984935,-0.035885,-0.169158,0.131042,0.0899529,-0.941782,-0.323968,0.7324,0,0,0,1
133198517929657404,-0.145307,-0.334767,0.93103,0.761636,-0.984982,-0.0397521,-0.168021,0.131144,0.0932581,-0.941462,-0.323963,0.731026,0,0,0,1
133198517932625946,-0.155228,-0.312499,0.937149,0.765666,-0.981833,-0.0559884,-0.181299,0.128129,0.109125,-0.948266,-0.298131,0.729399,0,0,0,1
133198517935267807,-0.154627,-0.308176,0.938679,0.769836,-0.982198,-0.0546324,-0.179732,0.12855,0.106671,-0.949759,-0.294242,0.729226,0,0,0,1
133198517935632905,-0.155287,-0.312583,0.937112,0.77018,-0.981936,-0.0549766,-0.181052,0.128286,0.108113,-0.948298,-0.298399,0.728485,0,0,0,1
133198517935930092,-0.155788,-0.315715,0.935977,0.770456,-0.981763,-0.0550308,-0.181972,0.128112,0.108959,-0.947257,-0.301384,0.728015,0,0,0,1
133198517936260471,-0.156249,-0.318017,0.935121,0.770828,-0.981624,-0.0550063,-0.182726,0.127975,0.109548,-0.946488,-0.303578,0.727711,0,0,0,1
133198517936821827,-0.155831,-0.320344,0.934396,0.771445,-0.981699,-0.0546061,-0.182441,0.128028,0.109468,-0.945726,-0.305973,0.727544,0,0,0,1
133198517937096990,-0.155391,-0.321516,0.934067,0.771673,-0.981871,-0.0536301,-0.181804,0.128231,0.108547,-0.945384,-0.307354,0.727483,0,0,0,1
133198517937406465,-0.154202,-0.322778,0.933829,0.771844,-0.982208,-0.0524513,-0.18032,0.12853,0.107184,-0.94502,-0.308947,0.727435,0,0,0,1
133198517937735291,-0.153032,-0.324209,0.933526,0.772001,-0.98243,-0.0522051,-0.179179,0.12879,0.106826,-0.944544,-0.310523,0.72733,0,0,0,1
133198517938021708,-0.151859,-0.325499,0.933268,0.772141,-0.982628,-0.0521981,-0.178095,0.12902,0.106685,-0.944101,-0.311918,0.727245,0,0,0,1
133198517938343753,-0.150033,-0.327018,0.933032,0.772278,-0.983047,-0.0512593,-0.176041,0.129393,0.105395,-0.943627,-0.313783,0.727167,0,0,0,1
133198517938654066,-0.148349,-0.328568,0.932757,0.772355,-0.983481,-0.0499091,-0.173997,0.129809,0.103723,-0.943161,-0.315736,0.727108,0,0,0,1
133198517938985982,-0.148206,-0.330342,0.932153,0.772403,-0.983492,-0.0497174,-0.173987,0.129916,0.103819,-0.942551,-0.31752,0.727098,0,0,0,1
