133198517762614741,-0.0522606,-0.292719,0.954769,0.715149,-0.995253,-0.063334,-0.073894,0.143088,0.0820996,-0.954099,-0.28802,0.743423,0,0,0,1
133198517763246260,-0.0528275,-0.29341,0.954526,0.716207,-0.995198,-0.0634131,-0.0745707,0.142956,0.0824092,-0.953881,-0.288651,0.74348,0,0,0,1
133198517763579102,-0.0533936,-0.293325,0.95452,0.716824,-0.995197,-0.062905,-0.075,0.142929,0.0820437,-0.953941,-0.288557,0.743569,0,0,0,1
133198517763911548,-0.0538745,-0.292874,0.954632,0.717429,-0.995216,-0.0622892,-0.0752744,0.14298,0.081509,-0.95412,-0.288117,0.743736,0,0,0,1
133198517764287166,-0.0538509,-0.2919,0.954931,0.718195,-0.995335,-0.0609785,-0.0747693,0.143169,0.0800557,-0.954503,-0.287254,0.744042,0,0,0,1
133198517764570519,-0.0537384,-0.290857,0.955256,0.718799,-0.995478,-0.0594387,-0.074099,0.143377,0.0783315,-0.954918,-0.286347,0.744266,0,0,0,1
133198517765230038,-0.0535872,-0.288209,0.956067,0.720385,-0.995712,-0.0568749,-0.0729545,0.143704,0.0754023,-0.955877,-0.283925,0.744544,0,0,0,1
133198517765557432,-0.0535312,-0.287211,0.95637,0.721226,-0.995768,-0.0562938,-0.072642,0.143757,0.0747013,-0.956212,-0.282982,0.74443,0,0,0,1
133198517765888000,-0.054028,-0.286983,0.956411,0.722064,-0.995705,-0.0566282,-0.0732402,0.143672,0.0751788,-0.95626,-0.28269,0.744087,0,0,0,1
133198517766225309,-0.0551722,-0.287622,0.956154,0.722871,-0.995535,-0.05761,-0.0747742,0.143484,0.0765907,-0.95601,-0.28316,0.743723,0,0,0,1
133198517766549777,-0.0559731,-0.288735,0.955772,0.723609,-0.995367,-0.0588152,-0.0760595,0.143334,0.0781748,-0.955601,-0.284105,0.743481,0,0,0,1
133198517766876624,-0.0561217,-0.289368,0.955572,0.724454,-0.995373,-0.058553,-0.0761902,0.143398,0.0779985,-0.955426,-0.284743,0.743504,0,0,0,1
133198517767207363,-0.0560185,-0.289336,0.955587,0.725403,-0.995485,-0.0572661,-0.0756965,0.143528,0.0766244,-0.955513,-0.284822,0.743749,0,0,0,1
133198517767539655,-0.0558672,-0.288344,0.955896,0.726529,-0.995735,-0.0543172,-0.0745801,0.143771,0.0734262,-0.955985,-0.28408,0.744032,0,0,0,1
133198517767871603,-0.0559906,-0.28659,0.956416,0.727781,-0.995937,-0.0516289,-0.073775,0.143934,0.070522,-0.956661,-0.282534,0.744078,0,0,0,1
133198517768198510,-0.0587435,-0.286712,0.956214,0.728859,-0.995647,-0.0526054,-0.0769394,0.143592,0.0723615,-0.956571,-0.282374,0.743839,0,0,0,1
133198517768531640,-0.0607767,-0.28781,0.955757,0.729787,-0.99539,-0.0537001,-0.0794678,0.143277,0.0741957,-0.956181,-0.28322,0.743474,0,0,0,1
133198517769189762,-0.060828,-0.291058,0.95477,0.731591,-0.995247,-0.0551947,-0.0802327,0.1431,0.0760507,-0.955112,-0.286317,0.742854,0,0,0,1
133198517769520537,-0.0620323,-0.29309,0.95407,0.732523,-0.995138,-0.0551058,-0.0816312,0.142969,0.0765002,-0.954495,-0.288246,0.742785,0,0,0,1
133198517770180480,-0.0649723,-0.297309,0.952568,0.73439,-0.994871,-0.0548626,-0.0849811,0.142437,0.0775261,-0.953204,-0.292219,0.742988,0,0,0,1
133198517770838819,-0.0670462,-0.297858,0.952252,0.736607,-0.994723,-0.0543299,-0.0870306,0.141779,0.0776587,-0.953063,-0.292644,0.743573,0,0,0,1
133198517771170834,-0.0681938,-0.297561,0.952264,0.737858,-0.994504,-0.0557244,-0.0886316,0.141394,0.0794379,-0.953075,-0.292125,0.743923,0,0,0,1
133198517771499301,-0.0669787,-0.296077,0.952813,0.739333,-0.994637,-0.0556195,-0.0872022,0.141335,0.0788138,-0.953543,-0.290763,0.744385,0,0,0,1
133198517771826606,-0.0685467,-0.295792,0.95279,0.740922,-0.994582,-0.0545543,-0.0884897,0.141076,0.0781534,-0.953693,-0.29045,0.744709,0,0,0,1
133198517775126603,-0.0781059,-0.284069,0.955617,0.760583,-0.994074,-0.0505052,-0.0962622,0.140001,0.0756086,-0.957473,-0.27844,0.744942,0,0,0,1
133198517776117856,-0.0792553,-0.283706,0.95563,0.764962,-0.993936,-0.0508043,-0.0975151,0.139675,0.0762158,-0.957564,-0.277959,0.743627,0,0,0,1
133198517777436096,-0.0839348,-0.286187,0.95449,0.76799,-0.993867,-0.045161,-0.100938,0.139609,0.071993,-0.957109,-0.280642,0.742522,0,0,0,1
133198517780075764,-0.0783104,-0.281928,0.956234,0.767522,-0.994869,-0.0395372,-0.0931312,0.140904,0.0640632,-0.958621,-0.277385,0.743925,0,0,0,1
133198517781403843,-0.0787389,-0.281272,0.956392,0.766426,-0.994548,-0.0436336,-0.0947127,0.140215,0.0683708,-0.958636,-0.276303,0.742127,0,0,0,1
133198517781728993,-0.0790958,-0.283965,0.955567,0.76598,-0.994353,-0.0455654,-0.095847,0.139842,0.070758,-0.957751,-0.278757,0.741293,0,0,0,1
133198517782065411,-0.0811439,-0.286675,0.954585,0.765566,-0.994017,-0.0469804,-0.0986048,0.139359,0.0731145,-0.956875,-0.281148,0.740582,0,0,0,1
133198517782401556,-0.0831146,-0.288376,0.953903,0.765195,-0.993749,-0.0476112,-0.10098,0.138962,0.0745365,-0.956333,-0.282616,0.740137,0,0,0,1
133198517782717992,-0.0837969,-0.288777,0.953722,0.764931,-0.993661,-0.0477598,-0.101767,0.138793,0.0749375,-0.956204,-0.282944,0.739943,0,0,0,1
133198517783375077,-0.085104,-0.288996,0.95354,0.764573,-0.993603,-0.0466902,-0.10283,0.138606,0.0742384,-0.956191,-0.283173,0.739962,0,0,0,1
133198517787673481,-0.148548,-0.300712,0.942075,0.770968,-0.985539,-0.03352,-0.166101,0.129533,0.0815271,-0.953126,-0.291384,0.741192,0,0,0,1
133198517787994272,-0.15288,-0.301083,0.941263,0.771959,-0.984763,-0.0334649,-0.17065,0.128746,0.0828792,-0.95301,-0.29138,0.740978,0,0,0,1
133198517788326697,-0.155463,-0.301089,0.940838,0.772836,-0.98426,-0.0338235,-0.173462,0.128211,0.0840499,-0.952996,-0.291092,0.740786,0,0,0,1
133198517788658649,-0.157598,-0.301163,0.940459,0.773513,-0.983846,-0.0340054,-0.175758,0.12781,0.0849126,-0.952966,-0.290938,0.740643,0,0,0,1
133198517789317331,-0.160406,-0.301815,0.939775,0.774619,-0.98333,-0.0337336,-0.178674,0.127412,0.0856286,-0.952769,-0.291373,0.740483,0,0,0,1
133198517789649857,-0.160626,-0.302073,0.939655,0.775105,-0.983341,-0.033094,-0.178732,0.127419,0.0850869,-0.952711,-0.291725,0.740469,0,0,0,1
133198517789978678,-0.160644,-0.302215,0.939606,0.775525,-0.983363,-0.0327806,-0.178669,0.127486,0.0847975,-0.952676,-0.291921,0.740492,0,0,0,1
133198517790308842,-0.160439,-0.301994,0.939712,0.775931,-0.983434,-0.032465,-0.178337,0.127566,0.0843641,-0.952757,-0.291782,0.740562,0,0,0,1
133198517790636148,-0.160033,-0.301643,0.939894,0.776286,-0.983536,-0.0322397,-0.177811,0.127686,0.0839375,-0.952876,-0.291517,0.740644,0,0,0,1
133198517791627429,-0.158058,-0.301038,0.940422,0.777055,-0.983984,-0.0314786,-0.175456,0.12811,0.0824222,-0.953092,-0.291242,0.740903,0,0,0,1
133198517791956197,-0.157085,-0.300753,0.940676,0.777211,-0.984172,-0.0314504,-0.174403,0.128279,0.082037,-0.953183,-0.291052,0.740981,0,0,0,1
133198517792286069,-0.156218,-0.300622,0.940863,0.777331,-0.984322,-0.0315998,-0.17353,0.128411,0.0818979,-0.95322,-0.290972,0.741041,0,0,0,1
133198517792618448,-0.155396,-0.300648,0.940991,0.777415,-0.984455,-0.031798,-0.172733,0.12855,0.0818534,-0.953205,-0.291033,0.741107,0,0,0,1
133198517792949372,-0.15448,-0.30081,0.941089,0.777452,-0.984602,-0.0320144,-0.171855,0.128673,0.0818243,-0.953146,-0.291233,0.741156,0,0,0,1
133198517793286250,-0.153682,-0.300923,0.941184,0.777505,-0.984735,-0.0321348,-0.171068,0.128772,0.0817229,-0.953107,-0.291391,0.741191,0,0,0,1
133198517793613800,-0.153021,-0.300906,0.941297,0.77756,-0.984853,-0.0321647,-0.170384,0.128899,0.0815457,-0.953112,-0.291426,0.741264,0,0,0,1
133198517794286805,-0.151743,-0.299836,0.941845,0.777743,-0.985082,-0.0323727,-0.169015,0.129119,0.081167,-0.953441,-0.290451,0.74152,0,0,0,1
133198517794594920,-0.15107,-0.299307,0.942122,0.77785,-0.985188,-0.0326376,-0.168344,0.129245,0.0811351,-0.953599,-0.289943,0.741644,0,0,0,1
133198517794927776,-0.150091,-0.298891,0.94241,0.77791,-0.985378,-0.0325279,-0.167251,0.129373,0.0806442,-0.953733,-0.289638,0.741731,0,0,0,1
133198517795256704,-0.149949,-0.298548,0.942541,0.777998,-0.985469,-0.0317976,-0.16685,0.129481,0.0797835,-0.953865,-0.289442,0.741817,0,0,0,1
133198517795585657,-0.149584,-0.297985,0.942777,0.778094,-0.985567,-0.0314943,-0.166328,0.129607,0.0792557,-0.954051,-0.288973,0.741898,0,0,0,1
133198517795921185,-0.149035,-0.297174,0.94312,0.778127,-0.985648,-0.031826,-0.165783,0.129666,0.0792824,-0.954293,-0.288166,0.741941,0,0,0,1
133198517796247726,-0.148532,-0.296449,0.943428,0.778142,-0.985681,-0.0326257,-0.165436,0.129664,0.0798232,-0.954491,-0.287358,0.741934,0,0,0,1
133198517796577636,-0.14829,-0.296386,0.943485,0.778034,-0.985651,-0.0334897,-0.165438,0.129611,0.0806306,-0.954481,-0.287167,0.741848,0,0,0,1
133198517796907184,-0.148144,-0.296944,0.943333,0.777864,-0.985632,-0.0339199,-0.165464,0.129606,0.0811313,-0.954292,-0.287653,0.741738,0,0,0,1
133198517797245808,-0.147592,-0.297801,0.943149,0.777654,-0.985689,-0.0342364,-0.16506,0.129627,0.081445,-0.954014,-0.288486,0.741639,0,0,0,1
133198517797573357,-0.147066,-0.298227,0.943097,0.777433,-0.985781,-0.0341649,-0.164526,0.129709,0.0812867,-0.953883,-0.288963,0.741575,0,0,0,1
133198517797900575,-0.146492,-0.29836,0.943144,0.777244,-0.985876,-0.0342038,-0.16395,0.129842,0.0811751,-0.95384,-0.289135,0.741591,0,0,0,1
133198517798225079,-0.145767,-0.298179,0.943314,0.777047,-0.985985,-0.034431,-0.163245,0.129931,0.0811554,-0.953889,-0.28898,0.741588,0,0,0,1
133198517799216178,-0.144433,-0.298633,0.943375,0.77648,-0.986187,-0.0346758,-0.161964,0.130093,0.0810802,-0.953738,-0.2895,0.741627,0,0,0,1
133198517800210542,-0.144152,-0.299787,0.943053,0.776034,-0.986213,-0.034741,-0.161793,0.130059,0.0812661,-0.953374,-0.290646,0.741478,0,0,0,1
133198517800866030,-0.143975,-0.300043,0.942998,0.775961,-0.986239,-0.0347474,-0.161633,0.130054,0.0812638,-0.953292,-0.290911,0.741428,0,0,0,1
133198517801195946,-0.144047,-0.300209,0.942934,0.775945,-0.986234,-0.0346401,-0.16169,0.130039,0.0812039,-0.953244,-0.291086,0.741401,0,0,0,1
133198517801526053,-0.144182,-0.300439,0.94284,0.775975,-0.986212,-0.0345798,-0.161833,0.130019,0.0812243,-0.953174,-0.291311,0.741373,0,0,0,1
133198517801857421,-0.144167,-0.300688,0.942763,0.775989,-0.986213,-0.0345582,-0.161833,0.129962,0.0812414,-0.953096,-0.291561,0.741303,0,0,0,1
133198517802186437,-0.144074,-0.300976,0.942685,0.77602,-0.98623,-0.0344939,-0.161742,0.12994,0.0811976,-0.953008,-0.291862,0.741239,0,0,0,1
133198517802538492,-0.144333,-0.301417,0.942505,0.776053,-0.986192,-0.0343392,-0.162005,0.129956,0.0811961,-0.952874,-0.292299,0.741157,0,0,0,1
133198517802851254,-0.144253,-0.301704,0.942426,0.776081,-0.986202,-0.0343354,-0.161945,0.129928,0.0812181,-0.952783,-0.292589,0.741088,0,0,0,1
133198517803203012,-0.143711,-0.301798,0.942478,0.776214,-0.986291,-0.0343711,-0.161398,0.130011,0.0811036,-0.952752,-0.292721,0.741053,0,0,0,1
133198517803506252,-0.143104,-0.302116,0.942468,0.776251,-0.986387,-0.0344058,-0.160802,0.130115,0.0810072,-0.95265,-0.29308,0.741057,0,0,0,1
133198517803835843,-0.14235,-0.302413,0.942487,0.776298,-0.986539,-0.0340672,-0.159935,0.130257,0.0804746,-0.952568,-0.293493,0.740975,0,0,0,1
133198517804169470,-0.141613,-0.30241,0.9426,0.776424,-0.986717,-0.0334413,-0.158969,0.13041,0.0795958,-0.952591,-0.293657,0.74095,0,0,0,1
133198517804825972,-0.139797,-0.301791,0.943069,0.776672,-0.986984,-0.0339937,-0.157185,0.13064,0.0794955,-0.952768,-0.29311,0.740811,0,0,0,1
133198517805156112,-0.138644,-0.301767,0.943247,0.776782,-0.987107,-0.0348139,-0.156229,0.130741,0.079983,-0.952746,-0.29305,0.740694,0,0,0,1
133198517805487115,-0.137394,-0.302271,0.943269,0.776804,-0.987254,-0.0354389,-0.155157,0.130875,0.0803276,-0.952563,-0.293549,0.74052,0,0,0,1
133198517805819465,-0.13661,-0.30295,0.943165,0.776834,-0.987352,-0.0356925,-0.154474,0.130977,0.0804617,-0.952338,-0.294243,0.74039,0,0,0,1
133198517806237101,-0.13554,-0.303381,0.94318,0.776955,-0.987511,-0.0358083,-0.153428,0.131116,0.080321,-0.952196,-0.294738,0.740322,0,0,0,1
133198517806477376,-0.135169,-0.303177,0.943299,0.777101,-0.987588,-0.0356474,-0.152972,0.131176,0.0800037,-0.952268,-0.294595,0.740329,0,0,0,1
133198517806807349,-0.134892,-0.302731,0.943482,0.777346,-0.987641,-0.0356091,-0.152632,0.131212,0.079803,-0.952411,-0.294186,0.740404,0,0,0,1
133198517807140462,-0.134807,-0.302202,0.943664,0.777617,-0.987666,-0.0355736,-0.152484,0.131203,0.0796505,-0.95258,-0.293679,0.740428,0,0,0,1
133198517808144774,-0.134535,-0.30233,0.943661,0.778375,-0.987727,-0.0353476,-0.152141,0.131191,0.079353,-0.952548,-0.293864,0.740506,0,0,0,1
133198517808456955,-0.134474,-0.302285,0.943684,0.778649,-0.98774,-0.0353117,-0.152063,0.131189,0.0792898,-0.952563,-0.293831,0.740505,0,0,0,1
133198517809116812,-0.134649,-0.301303,0.943973,0.779347,-0.987748,-0.0350229,-0.152072,0.131149,0.0788807,-0.952885,-0.292896,0.740724,0,0,0,1
133198517809445629,-0.134828,-0.300733,0.94413,0.779737,-0.987753,-0.0347136,-0.152115,0.131136,0.0785202,-0.953076,-0.292369,0.740844,0,0,0,1
133198517809778530,-0.13503,-0.300224,0.944263,0.780136,-0.987753,-0.0343963,-0.152185,0.131134,0.0781688,-0.953248,-0.291902,0.740929,0,0,0,1
133198517810107094,-0.135253,-0.299773,0.944375,0.780509,-0.987743,-0.0341543,-0.152306,0.131124,0.0779113,-0.953399,-0.291479,0.740987,0,0,0,1
133198517810462512,-0.135319,-0.29941,0.94448,0.780903,-0.987746,-0.0340415,-0.152309,0.131091,0.0777544,-0.953517,-0.291134,0.74103,0,0,0,1
133198517810765929,-0.135463,-0.299266,0.944505,0.781243,-0.987723,-0.0340683,-0.152456,0.131063,0.0778025,-0.953561,-0.290977,0.74101,0,0,0,1
133198517811097354,-0.135601,-0.299235,0.944495,0.781583,-0.987694,-0.0341543,-0.152624,0.131074,0.0779287,-0.953568,-0.290921,0.740925,0,0,0,1
133198517811428236,-0.135546,-0.299321,0.944476,0.781927,-0.987694,-0.0342414,-0.1526,0.131062,0.0780168,-0.953538,-0.290996,0.740817,0,0,0,1
133198517811757928,-0.135631,-0.29937,0.944448,0.782232,-0.987674,-0.0343249,-0.152719,0.131063,0.0781373,-0.95352,-0.291024,0.740699,0,0,0,1
133198517812087350,-0.135605,-0.299328,0.944465,0.782582,-0.987666,-0.0344684,-0.152733,0.13103,0.0782716,-0.953527,-0.290962,0.740594,0,0,0,1
133198517812416198,-0.135659,-0.29908,0.944536,0.782958,-0.987649,-0.0346142,-0.152811,0.131032,0.0783972,-0.9536,-0.290691,0.740438,0,0,0,1
133198517813076835,-0.135823,-0.299246,0.94446,0.783675,-0.98758,-0.0351043,-0.153146,0.130907,0.0789828,-0.95353,-0.290762,0.740161,0,0,0,1
133198517813406156,-0.136167,-0.299344,0.944379,0.784061,-0.987556,-0.034704,-0.153393,0.130911,0.0786909,-0.953514,-0.290893,0.74002,0,0,0,1
133198517813736723,-0.136394,-0.29927,0.94437,0.784485,-0.987496,-0.0349885,-0.153711,0.130848,0.079043,-0.953527,-0.290756,0.739873,0,0,0,1
133198517814084753,-0.136728,-0.299126,0.944367,0.784878,-0.987393,-0.035604,-0.154234,0.130769,0.0797586,-0.953549,-0.290486,0.739668,0,0,0,1
133198517815059664,-0.137482,-0.301409,0.943531,0.785482,-0.987129,-0.0368751,-0.155615,0.130532,0.0816965,-0.952782,-0.29246,0.739108,0,0,0,1
133198517815392592,-0.136975,-0.30193,0.943439,0.785593,-0.987188,-0.0370806,-0.155194,0.130535,0.0818407,-0.952609,-0.292982,0.73911,0,0,0,1
133198517815727447,-0.13689,-0.301953,0.943444,0.785719,-0.987226,-0.0367936,-0.155019,0.13058,0.0815209,-0.952613,-0.293059,0.739286,0,0,0,1
133198517816051859,-0.13653,-0.301799,0.943545,0.785765,-0.98731,-0.0365305,-0.154547,0.130645,0.0811102,-0.952672,-0.292981,0.739586,0,0,0,1
133198517816374394,-0.136075,-0.301962,0.943559,0.785688,-0.987405,-0.0362585,-0.154002,0.13073,0.0807147,-0.95263,-0.293225,0.739948,0,0,0,1
133198517816707773,-0.135739,-0.302819,0.943332,0.785424,-0.987466,-0.0360513,-0.153662,0.130786,0.0805401,-0.952366,-0.29413,0.740399,0,0,0,1
133198517817036432,-0.134559,-0.303277,0.943354,0.785137,-0.987682,-0.0356759,-0.152351,0.13089,0.0798597,-0.952234,-0.29474,0.741015,0,0,0,1
133198517817696692,-0.134779,-0.300966,0.944062,0.784646,-0.98788,-0.033221,-0.151626,0.131141,0.0769969,-0.953056,-0.292841,0.742774,0,0,0,1
133198517819021702,-0.137241,-0.299981,0.944021,0.782382,-0.987889,-0.0281925,-0.152577,0.131413,0.0723844,-0.953529,-0.292479,0.745176,0,0,0,1
133198517819371630,-0.135574,-0.302381,0.943496,0.78136,-0.988112,-0.0284123,-0.15109,0.131567,0.0724938,-0.952764,-0.294934,0.745722,0,0,0,1
133198517819684682,-0.13537,-0.302689,0.943427,0.780659,-0.988241,-0.0270808,-0.150489,0.131652,0.0711003,-0.952704,-0.295464,0.746445,0,0,0,1
133198517820006631,-0.136868,-0.301481,0.943598,0.780168,-0.988122,-0.025642,-0.151518,0.131557,0.0698757,-0.953127,-0.294391,0.747272,0,0,0,1
133198517820339994,-0.139413,-0.299712,0.943789,0.779732,-0.987803,-0.0246607,-0.153746,0.131263,0.0693541,-0.953711,-0.292618,0.74797,0,0,0,1
133198517820669896,-0.142225,-0.29911,0.94356,0.779191,-0.98737,-0.0243514,-0.156548,0.130872,0.0698021,-0.953908,-0.291868,0.748333,0,0,0,1
133198517822320984,-0.14864,-0.31178,0.938456,0.772993,-0.986167,-0.0236554,-0.164056,0.129947,0.0733489,-0.94986,-0.303951,0.746549,0,0,0,1
133198517822655394,-0.146773,-0.313024,0.938335,0.771599,-0.986354,-0.0252193,-0.162697,0.13024,0.0745924,-0.94941,-0.305051,0.74612,0,0,0,1
133198517823311415,-0.143014,-0.313486,0.938762,0.769306,-0.986534,-0.0308928,-0.160609,0.130612,0.0793496,-0.94909,-0.304846,0.745684,0,0,0,1
133198517834855631,-0.12273,-0.304804,0.944474,0.762413,-0.988105,-0.0513262,-0.144964,0.132557,0.092662,-0.951031,-0.294878,0.752391,0,0,0,1
133198517835187987,-0.122659,-0.303805,0.944805,0.762421,-0.988124,-0.051388,-0.144807,0.132587,0.0925451,-0.951347,-0.293894,0.752463,0,0,0,1
133198517835520597,-0.122659,-0.303018,0.945058,0.762439,-0.988107,-0.0516863,-0.144819,0.132584,0.0927291,-0.951582,-0.293074,0.752545,0,0,0,1
133198517835847456,-0.122428,-0.302324,0.94531,0.762481,-0.988128,-0.0519401,-0.144585,0.13262,0.0928113,-0.951789,-0.292376,0.75257,0,0,0,1
133198517836176769,-0.122529,-0.302135,0.945357,0.762467,-0.988074,-0.0523604,-0.1448,0.132573,0.0932487,-0.951826,-0.292116,0.752576,0,0,0,1
133198517836747731,-0.122246,-0.302259,0.945354,0.76246,-0.988073,-0.0528009,-0.144652,0.132634,0.0936381,-0.951762,-0.292199,0.752526,0,0,0,1
133198517837020166,-0.121956,-0.302279,0.945386,0.762479,-0.988124,-0.0527257,-0.144328,0.132695,0.0934736,-0.95176,-0.292258,0.752488,0,0,0,1
133198517837330175,-0.121986,-0.302427,0.945335,0.762522,-0.988123,-0.0526677,-0.144357,0.132705,0.093446,-0.951716,-0.29241,0.752434,0,0,0,1
133198517837610521,-0.122005,-0.302713,0.945241,0.762521,-0.988103,-0.052804,-0.144448,0.132688,0.0936386,-0.951618,-0.292669,0.752331,0,0,0,1
133198517837918910,-0.121973,-0.303245,0.945074,0.762569,-0.988077,-0.0530314,-0.144539,0.132653,0.0939492,-0.951436,-0.293162,0.752151,0,0,0,1
133198517838261735,-0.121945,-0.30402,0.944829,0.762578,-0.988032,-0.0534163,-0.144708,0.132667,0.0944634,-0.951167,-0.293867,0.751987,0,0,0,1
133198517839615545,-0.121849,-0.307426,0.943738,0.763157,-0.988088,-0.0524764,-0.144669,0.132676,0.0939991,-0.950124,-0.29737,0.751279,0,0,0,1
133198517841878922,-0.122609,-0.304744,0.94451,0.767249,-0.988613,-0.0461562,-0.143226,0.133047,0.0872422,-0.951315,-0.295615,0.753442,0,0,0,1
133198517843200325,-0.127512,-0.297965,0.946022,0.770909,-0.988368,-0.0415294,-0.146301,0.132502,0.0828805,-0.953673,-0.289203,0.754099,0,0,0,1
133198517845838999,-0.130708,-0.319797,0.938427,0.770241,-0.986194,-0.0551248,-0.156146,0.130255,0.101666,-0.945881,-0.308177,0.746627,0,0,0,1
133198517847163131,-0.129984,-0.317675,0.939248,0.771305,-0.986268,-0.0559151,-0.155402,0.13029,0.101885,-0.94655,-0.306044,0.746657,0,0,0,1
133198517847821575,-0.131,-0.314889,0.940045,0.772322,-0.986177,-0.0556524,-0.15607,0.130247,0.10146,-0.947496,-0.303246,0.746579,0,0,0,1
133198517848481973,-0.13211,-0.313698,0.940287,0.773193,-0.98595,-0.0562409,-0.157288,0.130092,0.102224,-0.947856,-0.301861,0.745994,0,0,0,1
133198517848812021,-0.132241,-0.314172,0.940111,0.773486,-0.985756,-0.0577455,-0.157959,0.129928,0.103913,-0.947608,-0.302061,0.745551,0,0,0,1
133198517849141003,-0.132272,-0.314643,0.939949,0.773752,-0.985639,-0.0586779,-0.158344,0.129874,0.104976,-0.947395,-0.302363,0.745116,0,0,0,1
133198517849470052,-0.131623,-0.314873,0.939963,0.774035,-0.985632,-0.0596857,-0.158012,0.129856,0.105856,-0.947255,-0.302493,0.744783,0,0,0,1
133198517849801167,-0.131445,-0.314619,0.940073,0.774327,-0.985634,-0.0599781,-0.157889,0.129892,0.106059,-0.947321,-0.302215,0.744523,0,0,0,1
133198517850156210,-0.131157,-0.314303,0.940219,0.77461,-0.98563,-0.0604936,-0.157714,0.12992,0.106447,-0.947393,-0.301853,0.744276,0,0,0,1
133198517850460911,-0.130979,-0.314302,0.940244,0.774798,-0.985635,-0.0607133,-0.157597,0.129966,0.106618,-0.947379,-0.301835,0.744045,0,0,0,1
133198517851120624,-0.130715,-0.315496,0.939881,0.774905,-0.985685,-0.0604675,-0.157383,0.130065,0.106486,-0.946999,-0.303076,0.743513,0,0,0,1
133198517851452465,-0.130496,-0.316676,0.939515,0.774758,-0.985678,-0.0606554,-0.157352,0.130106,0.106816,-0.946593,-0.304225,0.743258,0,0,0,1
133198517851789446,-0.129762,-0.318214,0.939096,0.77449,-0.985713,-0.0611768,-0.156933,0.130156,0.107389,-0.946043,-0.305729,0.743078,0,0,0,1
133198517852166093,-0.129043,-0.319582,0.938731,0.774179,-0.985886,-0.0604775,-0.156114,0.130327,0.106663,-0.945627,-0.307267,0.743122,0,0,0,1
133198517852444366,-0.128486,-0.319847,0.938717,0.773983,-0.986103,-0.0593191,-0.155184,0.130424,0.105319,-0.945611,-0.30778,0.743272,0,0,0,1
133198517853433855,-0.130125,-0.321035,0.938085,0.773272,-0.986252,-0.0552889,-0.155728,0.130361,0.10186,-0.945452,-0.309427,0.743558,0,0,0,1
133198517853761001,-0.130565,-0.322233,0.937613,0.772865,-0.986305,-0.0539117,-0.155874,0.130337,0.100776,-0.945124,-0.310781,0.743348,0,0,0,1
133198517854195282,-0.130395,-0.325035,0.936669,0.772211,-0.986217,-0.0545245,-0.156214,0.130194,0.101846,-0.944129,-0.313445,0.742843,0,0,0,1
133198517854419835,-0.129681,-0.326286,0.936333,0.771888,-0.986283,-0.0548098,-0.155698,0.130229,0.102122,-0.943681,-0.314703,0.742547,0,0,0,1
133198517855078450,-0.128916,-0.329811,0.935203,0.771138,-0.986348,-0.0547879,-0.155289,0.13025,0.102454,-0.942455,-0.318246,0.74176,0,0,0,1
133198517855414301,-0.129404,-0.331814,0.934427,0.770766,-0.986282,-0.0543211,-0.155874,0.13027,0.10248,-0.941779,-0.320233,0.741386,0,0,0,1
133198517855738856,-0.127391,-0.332215,0.934561,0.770635,-0.986699,-0.0534728,-0.153506,0.13049,0.100971,-0.941686,-0.320984,0.741084,0,0,0,1
133198517857722511,-0.129173,-0.336303,0.932853,0.772468,-0.985482,-0.0609875,-0.158447,0.129316,0.110179,-0.939777,-0.323543,0.737011,0,0,0,1
133198517858716457,-0.13038,-0.334892,0.933193,0.77658,-0.984778,-0.0653826,-0.161051,0.128491,0.114949,-0.939985,-0.32127,0.73545,0,0,0,1
133198517862338812,-0.13444,-0.320349,0.937711,0.785029,-0.986191,-0.049104,-0.158166,0.130272,0.0967136,-0.946026,-0.309323,0.73578,0,0,0,1
133198517862669763,-0.13438,-0.319596,0.937977,0.785181,-0.98634,-0.0478584,-0.157616,0.130429,0.0952633,-0.946345,-0.3088,0.735777,0,0,0,1
133198517863004314,-0.134158,-0.318699,0.938314,0.78529,-0.986498,-0.046804,-0.156944,0.130594,0.0939347,-0.9467,-0.308116,0.735746,0,0,0,1
133198517863332780,-0.133481,-0.318067,0.938625,0.785332,-0.986776,-0.0452257,-0.155654,0.130802,0.0919583,-0.946989,-0.307824,0.735657,0,0,0,1
133198517863659693,-0.133981,-0.31756,0.938725,0.785326,-0.986867,-0.0434983,-0.155567,0.130883,0.0902349,-0.94724,-0.307562,0.73547,0,0,0,1
133198517863993171,-0.135054,-0.317559,0.938572,0.785203,-0.98675,-0.0428597,-0.156488,0.130754,0.0899209,-0.947269,-0.307563,0.735143,0,0,0,1
133198517864318837,-0.136523,-0.31767,0.938321,0.784987,-0.986566,-0.0421858,-0.157825,0.130606,0.08972,-0.947262,-0.307643,0.734745,0,0,0,1
133198517864981770,-0.137738,-0.319525,0.937514,0.784013,-0.986229,-0.0432435,-0.159634,0.130348,0.0915484,-0.94659,-0.309169,0.7337,0,0,0,1
133198517865313747,-0.13731,-0.32173,0.936822,0.783262,-0.986096,-0.0449703,-0.159976,0.130337,0.0935982,-0.945763,-0.311082,0.733075,0,0,0,1
133198517866970838,-0.128465,-0.331865,0.934538,0.779554,-0.986845,-0.0504822,-0.153583,0.131155,0.0981465,-0.941975,-0.321014,0.731142,0,0,0,1
133198517867620752,-0.129434,-0.332619,0.934137,0.778776,-0.986785,-0.0494001,-0.154319,0.131066,0.0974757,-0.941767,-0.321829,0.731022,0,0,0,1
133198517867951696,-0.1293,-0.331986,0.93438,0.778537,-0.986853,-0.049062,-0.153993,0.13105,0.0969661,-0.942008,-0.321278,0.730936,0,0,0,1
133198517868281655,-0.129379,-0.331216,0.934643,0.778341,-0.986802,-0.0495584,-0.154161,0.130966,0.0973801,-0.942253,-0.320432,0.730749,0,0,0,1
133198517868621430,-0.129479,-0.33006,0.935038,0.778197,-0.986663,-0.0509322,-0.154606,0.130762,0.0986528,-0.942585,-0.319063,0.730426,0,0,0,1
133198517869268947,-0.130759,-0.328149,0.935532,0.777865,-0.986195,-0.0536406,-0.156655,0.130268,0.101589,-0.943102,-0.316604,0.729538,0,0,0,1
133198517872568017,-0.127738,-0.337643,0.932566,0.771366,-0.986589,-0.0530728,-0.154353,0.130819,0.10161,-0.939777,-0.326336,0.729221,0,0,0,1
133198517872899405,-0.127705,-0.337434,0.932647,0.771024,-0.986613,-0.0529382,-0.154247,0.130815,0.101421,-0.939859,-0.326156,0.729689,0,0,0,1
133198517873228500,-0.128341,-0.336653,0.932842,0.770765,-0.986566,-0.0525239,-0.154688,0.130834,0.101073,-0.940163,-0.325389,0.730222,0,0,0,1
133198517874881151,-0.128087,-0.330469,0.935085,0.7695,-0.987198,-0.0478728,-0.152144,0.131509,0.0950438,-0.942602,-0.320107,0.733496,0,0,0,1
133198517875538187,-0.127982,-0.329045,0.935601,0.768984,-0.987391,-0.0463427,-0.151365,0.131746,0.0931641,-0.943177,-0.318965,0.734511,0,0,0,1
133198517875869543,-0.127448,-0.328409,0.935898,0.768704,-0.987534,-0.0458691,-0.150575,0.131894,0.0923789,-0.943421,-0.318469,0.734906,0,0,0,1
133198517876204010,-0.126941,-0.327805,0.936179,0.768405,-0.987674,-0.0453666,-0.149808,0.132051,0.0915789,-0.943656,-0.318005,0.735251,0,0,0,1
133198517876528707,-0.126427,-0.327543,0.93634,0.768003,-0.987786,-0.0450945,-0.149148,0.132234,0.0910762,-0.94376,-0.317841,0.735493,0,0,0,1
133198517876861833,-0.126162,-0.327856,0.936266,0.767329,-0.987822,-0.0451082,-0.148905,0.13243,0.0910528,-0.94365,-0.318172,0.735674,0,0,0,1
133198517877190079,-0.125606,-0.3281,0.936255,0.766485,-0.987854,-0.0456514,-0.148526,0.132611,0.0914727,-0.94354,-0.318381,0.735873,0,0,0,1
133198517877527189,-0.125207,-0.327956,0.936359,0.76545,-0.987805,-0.0468276,-0.148488,0.132632,0.0925451,-0.943531,-0.318094,0.736265,0,0,0,1
133198517877854567,-0.127572,-0.325959,0.936737,0.764389,-0.987532,-0.0460789,-0.150524,0.132472,0.0922283,-0.94426,-0.316016,0.736973,0,0,0,1
133198517878182878,-0.131397,-0.321515,0.937744,0.763348,-0.987258,-0.0432066,-0.153149,0.132349,0.0897562,-0.945918,-0.311742,0.737979,0,0,0,1
133198517878511467,-0.133456,-0.31622,0.939252,0.762184,-0.987332,-0.039651,-0.153637,0.132498,0.0858253,-0.947857,-0.306922,0.738966,0,0,0,1
133198517878838539,-0.134717,-0.311931,0.940506,0.760873,-0.987403,-0.0372341,-0.153783,0.13259,0.0829886,-0.949375,-0.302985,0.739617,0,0,0,1
133198517879169755,-0.137866,-0.308236,0.941267,0.759482,-0.987046,-0.0359735,-0.156352,0.132375,0.0820542,-0.950629,-0.299284,0.73987,0,0,0,1
133198517879496585,-0.143085,-0.304351,0.941752,0.758284,-0.986125,-0.0370797,-0.16181,0.13159,0.0841669,-0.951838,-0.294823,0.739978,0,0,0,1
133198517879835209,-0.150061,-0.300053,0.942046,0.757257,-0.984795,-0.0389847,-0.169287,0.130472,0.0875205,-0.953126,-0.289641,0.740111,0,0,0,1
133198517880164226,-0.15504,-0.296246,0.942444,0.756388,-0.983796,-0.0406489,-0.17462,0.1296,0.09004,-0.954246,-0.285144,0.740339,0,0,0,1
133198517880489386,-0.157036,-0.294556,0.942643,0.75554,-0.983311,-0.0421504,-0.176982,0.129097,0.0918639,-0.954704,-0.283021,0.740662,0,0,0,1
133198517883465379,-0.144336,-0.33853,0.929819,0.745511,-0.984999,-0.0406506,-0.167701,0.131661,0.0945699,-0.940077,-0.327585,0.741409,0,0,0,1
133198517883793223,-0.141371,-0.341309,0.929259,0.744976,-0.985484,-0.0406046,-0.164839,0.132243,0.0939932,-0.939074,-0.330614,0.741396,0,0,0,1
133198517884190660,-0.138143,-0.344615,0.928524,0.74456,-0.985925,-0.0412908,-0.162008,0.132781,0.0941697,-0.937836,-0.33406,0.741218,0,0,0,1
133198517884450204,-0.136594,-0.346646,0.927997,0.744419,-0.986096,-0.0419129,-0.160803,0.13303,0.094637,-0.937059,-0.3361,0.741048,0,0,0,1
133198517884783824,-0.134716,-0.348695,0.927504,0.74441,-0.986294,-0.0428026,-0.159347,0.133297,0.0952629,-0.936258,-0.33815,0.740776,0,0,0,1
133198517885110241,-0.133085,-0.35036,0.927112,0.744576,-0.986466,-0.0435691,-0.15807,0.133522,0.0957749,-0.935601,-0.33982,0.740531,0,0,0,1
133198517886761296,-0.132415,-0.353513,0.92601,0.747251,-0.98615,-0.0471452,-0.159013,0.133174,0.09987,-0.934241,-0.342374,0.738762,0,0,0,1
133198517887089376,-0.131659,-0.354736,0.92565,0.747916,-0.986193,-0.0477444,-0.158568,0.13317,0.100444,-0.933746,-0.343552,0.738266,0,0,0,1
133198517887423494,-0.130955,-0.356341,0.925133,0.748658,-0.986233,-0.0482149,-0.158175,0.133148,0.10097,-0.933111,-0.345121,0.73769,0,0,0,1
133198517887748237,-0.130734,-0.358191,0.92445,0.749468,-0.986141,-0.0490949,-0.158481,0.133015,0.102152,-0.932357,-0.346808,0.737105,0,0,0,1
133198517888078757,-0.131486,-0.359815,0.923712,0.750368,-0.985907,-0.0497665,-0.159724,0.132711,0.103441,-0.931696,-0.348201,0.736558,0,0,0,1
133198517888410037,-0.133018,-0.36069,0.923152,0.751259,-0.985641,-0.0496081,-0.161405,0.132504,0.104013,-0.931366,-0.348912,0.736104,0,0,0,1
133198517889068710,-0.134203,-0.36003,0.923238,0.752853,-0.985331,-0.0506239,-0.16297,0.132293,0.105412,-0.931566,-0.347955,0.735571,0,0,0,1
133198517889400341,-0.132996,-0.35944,0.923642,0.7534,-0.98543,-0.0517265,-0.162023,0.132362,0.106014,-0.931734,-0.347323,0.735357,0,0,0,1
133198517889730765,-0.13208,-0.359424,0.92378,0.753739,-0.985496,-0.0525608,-0.161354,0.132468,0.106549,-0.931693,-0.347269,0.735198,0,0,0,1
133198517890063269,-0.131368,-0.359662,0.923789,0.753922,-0.985571,-0.0529448,-0.160767,0.132603,0.106732,-0.931579,-0.347517,0.73509,0,0,0,1
133198517890388359,-0.130164,-0.359976,0.923837,0.754032,-0.985765,-0.0530238,-0.15955,0.132764,0.106419,-0.931454,-0.34795,0.735062,0,0,0,1
133198517890723823,-0.129375,-0.359962,0.923953,0.754123,-0.985994,-0.0522007,-0.158398,0.132979,0.105248,-0.931505,-0.348168,0.735098,0,0,0,1
133198517891051463,-0.128805,-0.359683,0.924141,0.754233,-0.986188,-0.051394,-0.157456,0.133158,0.104129,-0.931658,-0.348096,0.735149,0,0,0,1
133198517891382567,-0.127996,-0.359585,0.924292,0.754315,-0.986349,-0.0511981,-0.156507,0.133317,0.103599,-0.931707,-0.348124,0.735162,0,0,0,1
133198517891708613,-0.126873,-0.359645,0.924424,0.754385,-0.986515,-0.051398,-0.155391,0.133458,0.103399,-0.931673,-0.348274,0.735121,0,0,0,1
133198517892041592,-0.125964,-0.360016,0.924403,0.754421,-0.986617,-0.0517858,-0.15461,0.133552,0.103533,-0.931508,-0.348675,0.73502,0,0,0,1
133198517894683104,-0.127914,-0.361836,0.923424,0.755966,-0.986186,-0.0523925,-0.157138,0.133078,0.105239,-0.930768,-0.350136,0.735517,0,0,0,1
133198517895012042,-0.128185,-0.361821,0.923393,0.756119,-0.986149,-0.0523134,-0.157395,0.133017,0.105255,-0.930778,-0.350104,0.735682,0,0,0,1
133198517895338599,-0.128289,-0.361574,0.923475,0.756296,-0.98616,-0.0521039,-0.157397,0.133041,0.105027,-0.930886,-0.349886,0.735912,0,0,0,1
133198517895673510,-0.128375,-0.361148,0.92363,0.756448,-0.986136,-0.0522544,-0.157495,0.133002,0.105143,-0.931043,-0.349433,0.73615,0,0,0,1
133198517895997489,-0.128496,-0.360748,0.923769,0.756599,-0.98612,-0.0522846,-0.157587,0.132938,0.105148,-0.931197,-0.349023,0.73638,0,0,0,1
133198517896328621,-0.129162,-0.360232,0.923878,0.75678,-0.986096,-0.0515728,-0.157969,0.132935,0.104553,-0.931436,-0.348563,0.736672,0,0,0,1
133198517896663291,-0.12956,-0.359439,0.924131,0.756918,-0.986101,-0.0510554,-0.158107,0.13294,0.104012,-0.931771,-0.347828,0.736946,0,0,0,1
133198517896992096,-0.129649,-0.358632,0.924432,0.75699,-0.986079,-0.0512624,-0.158182,0.132906,0.104118,-0.93207,-0.346994,0.737179,0,0,0,1
133198517897324145,-0.129375,-0.358118,0.92467,0.757034,-0.986092,-0.0516483,-0.157971,0.132895,0.10433,-0.932247,-0.346455,0.737341,0,0,0,1
133198517897652762,-0.129217,-0.358375,0.924592,0.757005,-0.986079,-0.0519614,-0.15795,0.132865,0.104648,-0.932131,-0.346672,0.737451,0,0,0,1
133198517897981368,-0.129379,-0.359239,0.924234,0.756938,-0.986028,-0.0520141,-0.158247,0.132817,0.104922,-0.931795,-0.34749,0.737521,0,0,0,1
133198517898314912,-0.129466,-0.359975,0.923935,0.756882,-0.986009,-0.0519339,-0.158398,0.132781,0.105003,-0.931515,-0.348215,0.737624,0,0,0,1
133198517898637896,-0.129447,-0.360194,0.923853,0.756889,-0.986042,-0.051626,-0.158289,0.132815,0.10471,-0.931448,-0.348484,0.737789,0,0,0,1
133198517898971865,-0.129354,-0.359949,0.923961,0.7569,-0.986096,-0.0513341,-0.158051,0.132852,0.104321,-0.931558,-0.348304,0.737977,0,0,0,1
133198517899299960,-0.129612,-0.35973,0.92401,0.756943,-0.986068,-0.0512235,-0.158259,0.132861,0.104261,-0.931649,-0.348079,0.73816,0,0,0,1
133198517900315181,-0.130943,-0.359303,0.923989,0.756804,-0.985984,-0.0499986,-0.159171,0.132752,0.103389,-0.931881,-0.34772,0.738663,0,0,0,1
133198517903593988,-0.130373,-0.357383,0.924814,0.755633,-0.986148,-0.0497351,-0.158239,0.132815,0.102548,-0.932633,-0.345949,0.739554,0,0,0,1
133198517903918099,-0.130539,-0.357461,0.92476,0.755528,-0.986115,-0.0497611,-0.158434,0.132758,0.102651,-0.932601,-0.346002,0.739564,0,0,0,1
133198517904246439,-0.130512,-0.357633,0.924698,0.755472,-0.986124,-0.0496918,-0.1584,0.132734,0.102599,-0.932539,-0.346185,0.73955,0,0,0,1
133198517904586390,-0.131316,-0.357596,0.924598,0.755452,-0.986055,-0.0490677,-0.159022,0.132733,0.102234,-0.932586,-0.346165,0.739537,0,0,0,1
133198517904908819,-0.131412,-0.357247,0.924719,0.755402,-0.986049,-0.0490335,-0.15907,0.13271,0.10217,-0.932722,-0.345819,0.739474,0,0,0,1
133198517905245687,-0.131353,-0.356906,0.924859,0.755304,-0.985986,-0.0497578,-0.159236,0.132624,0.102851,-0.932814,-0.345368,0.739344,0,0,0,1
133198517905568611,-0.131371,-0.356955,0.924838,0.755196,-0.985897,-0.050525,-0.159545,0.132516,0.103678,-0.932754,-0.345283,0.739179,0,0,0,1
133198517905901932,-0.131423,-0.357553,0.924599,0.755037,-0.985807,-0.0511472,-0.159903,0.132437,0.104465,-0.932491,-0.345756,0.739011,0,0,0,1
133198517906236553,-0.131618,-0.358327,0.924272,0.754852,-0.98572,-0.0514878,-0.16033,0.13235,0.105039,-0.932175,-0.346433,0.738871,0,0,0,1
133198517906557188,-0.13166,-0.35877,0.924094,0.754685,-0.98568,-0.0516989,-0.160506,0.132289,0.105359,-0.931993,-0.346826,0.738813,0,0,0,1
133198517906889217,-0.131652,-0.358634,0.924148,0.754561,-0.985686,-0.0516801,-0.160474,0.132319,0.105311,-0.932047,-0.346697,0.738849,0,0,0,1
133198517907218302,-0.131773,-0.358085,0.924344,0.754497,-0.985687,-0.0515853,-0.160501,0.132302,0.105155,-0.932263,-0.346162,0.738948,0,0,0,1
133198517907550623,-0.131752,-0.357806,0.924455,0.754383,-0.985707,-0.0514849,-0.160408,0.132287,0.10499,-0.932376,-0.345909,0.739031,0,0,0,1
133198517907885586,-0.132115,-0.357956,0.924345,0.754235,-0.985681,-0.0511355,-0.160684,0.13229,0.104785,-0.932337,-0.346075,0.739088,0,0,0,1
133198517908209534,-0.132218,-0.35825,0.924216,0.754087,-0.985686,-0.0508785,-0.160734,0.132281,0.104606,-0.932238,-0.346394,0.739139,0,0,0,1
133198517908541727,-0.132392,-0.358161,0.924226,0.753958,-0.985672,-0.0507425,-0.160858,0.132276,0.104511,-0.93228,-0.346312,0.73922,0,0,0,1
133198517908868350,-0.132414,-0.35783,0.924351,0.753836,-0.985665,-0.0508327,-0.160875,0.13231,0.104553,-0.932402,-0.34597,0.739303,0,0,0,1
133198517912497604,-0.130861,-0.360953,0.923357,0.751909,-0.985746,-0.0519627,-0.160016,0.132349,0.105738,-0.931135,-0.349008,0.739105,0,0,0,1
133198517913158269,-0.131233,-0.361737,0.922997,0.751768,-0.985796,-0.0508139,-0.160077,0.132442,0.104807,-0.930894,-0.34993,0.738979,0,0,0,1
133198517913488823,-0.131333,-0.361992,0.922883,0.751697,-0.985722,-0.0512669,-0.160384,0.132361,0.105371,-0.93077,-0.350091,0.738858,0,0,0,1
133198517913819483,-0.131566,-0.361963,0.922862,0.751675,-0.985624,-0.0517803,-0.160823,0.132279,0.105998,-0.930753,-0.349948,0.738771,0,0,0,1
133198517914155171,-0.131684,-0.361845,0.922891,0.751649,-0.985533,-0.0524231,-0.161176,0.132181,0.106702,-0.930763,-0.349707,0.738719,0,0,0,1
133198517914483242,-0.131888,-0.361744,0.922901,0.75163,-0.98547,-0.0526748,-0.161477,0.132131,0.107027,-0.930788,-0.34954,0.738749,0,0,0,1
133198517915140980,-0.131277,-0.361083,0.923247,0.751698,-0.98565,-0.052145,-0.160544,0.132299,0.106113,-0.931075,-0.349056,0.739081,0,0,0,1
133198517915468482,-0.131172,-0.360334,0.923555,0.751814,-0.98574,-0.0516424,-0.160153,0.132393,0.105403,-0.931393,-0.348422,0.739302,0,0,0,1
133198517915798769,-0.130892,-0.359536,0.923906,0.751967,-0.985828,-0.0514381,-0.159681,0.132463,0.104935,-0.931713,-0.347708,0.739521,0,0,0,1
133198517916185540,-0.131069,-0.358764,0.92418,0.752135,-0.98585,-0.0510967,-0.15965,0.132501,0.104499,-0.932029,-0.34699,0.739713,0,0,0,1
133198517916462238,-0.131359,-0.358271,0.92433,0.752236,-0.985845,-0.0507784,-0.159783,0.132504,0.104182,-0.932235,-0.34653,0.739839,0,0,0,1
133198517916788381,-0.132225,-0.357525,0.924496,0.752317,-0.985731,-0.0505884,-0.160547,0.132447,0.104168,-0.932532,-0.345734,0.739963,0,0,0,1
133198517917122074,-0.133644,-0.356297,0.924766,0.752294,-0.985543,-0.0502678,-0.161795,0.13231,0.104133,-0.93302,-0.344428,0.740065,0,0,0,1
133198517917450732,-0.134937,-0.354651,0.925211,0.752073,-0.985425,-0.0495787,-0.162724,0.13225,0.103581,-0.933684,-0.342792,0.740122,0,0,0,1
133198517917777968,-0.134899,-0.353331,0.925721,0.751622,-0.985443,-0.04971,-0.162575,0.132285,0.10346,-0.934177,-0.341482,0.740026,0,0,0,1
133198517918768286,-0.130393,-0.354008,0.926108,0.749293,-0.985898,-0.0525322,-0.158891,0.132697,0.104899,-0.933766,-0.342166,0.73891,0,0,0,1
133198517919426648,-0.128747,-0.354711,0.926069,0.748254,-0.986062,-0.0534434,-0.157558,0.132859,0.10538,-0.933447,-0.342887,0.73823,0,0,0,1
133198517921742069,-0.129143,-0.36749,0.921017,0.751232,-0.986569,-0.0460649,-0.156715,0.133047,0.100018,-0.928886,-0.356606,0.735942,0,0,0,1
133198517922072200,-0.12943,-0.368584,0.92054,0.752449,-0.986665,-0.0445285,-0.156556,0.133077,0.0986943,-0.928528,-0.357905,0.735926,0,0,0,1
133198517922397712,-0.13029,-0.369526,0.920041,0.75371,-0.986657,-0.0430579,-0.157017,0.133082,0.0976369,-0.928222,-0.358985,0.735939,0,0,0,1
133198517922727925,-0.131845,-0.369601,0.919789,0.755117,-0.986595,-0.0410887,-0.157932,0.133108,0.0961647,-0.928282,-0.359229,0.73608,0,0,0,1
133198517923058250,-0.132499,-0.367994,0.920339,0.756674,-0.986664,-0.0395999,-0.157881,0.133272,0.0945445,-0.928985,-0.357839,0.736302,0,0,0,1
133198517923392892,-0.130561,-0.365896,0.921452,0.758319,-0.987159,-0.0383055,-0.155082,0.133654,0.0920407,-0.929867,-0.356197,0.736571,0,0,0,1
133198517923719677,-0.130236,-0.363064,0.922617,0.759999,-0.987516,-0.0356609,-0.15343,0.133937,0.0886063,-0.931081,-0.353887,0.736898,0,0,0,1
133198517924048773,-0.13239,-0.360957,0.923137,0.761478,-0.987359,-0.0338566,-0.154839,0.133847,0.0871447,-0.931968,-0.351912,0.737155,0,0,0,1
133198517924399728,-0.132725,-0.359965,0.923477,0.762691,-0.987426,-0.0327061,-0.154664,0.133861,0.0858772,-0.932392,-0.351098,0.737365,0,0,0,1
133198517924707703,-0.132891,-0.35856,0.923999,0.763598,-0.987609,-0.030615,-0.153919,0.134083,0.0834775,-0.933004,-0.350049,0.737585,0,0,0,1
133198517925038016,-0.130613,-0.358241,0.924448,0.764374,-0.987994,-0.0305734,-0.151439,0.134343,0.082515,-0.933129,-0.349946,0.737753,0,0,0,1
133198517925368014,-0.128416,-0.3593,0.924345,0.765002,-0.988336,-0.030574,-0.149191,0.134491,0.0818651,-0.932721,-0.351183,0.737926,0,0,0,1
133198517925703143,-0.128506,-0.358734,0.924552,0.765777,-0.988444,-0.0292523,-0.148736,0.134484,0.0804017,-0.932982,-0.350829,0.73827,0,0,0,1
133198517926028727,-0.130773,-0.35574,0.92539,0.76666,-0.988217,-0.0281065,-0.150456,0.134175,0.0795328,-0.934162,-0.347873,0.73869,0,0,0,1
133198517926360174,-0.134698,-0.351322,0.926515,0.767537,-0.987647,-0.0279473,-0.154182,0.133574,0.0800613,-0.935837,-0.343218,0.739067,0,0,0,1
