133198517762610547,-0.0522565,-0.292713,0.954772,0.715141,-0.995254,-0.0633318,-0.0738881,0.143088,0.0820953,-0.954101,-0.288014,0.743422,0,0,0,1
133198517762928066,-0.0525529,-0.293156,0.954619,0.715664,-0.99522,-0.0634197,-0.0742637,0.14302,0.0823124,-0.953959,-0.288422,0.743437,0,0,0,1
133198517763266905,-0.0528646,-0.29342,0.954521,0.716244,-0.995196,-0.0634006,-0.0746067,0.142957,0.0824083,-0.953879,-0.288658,0.743486,0,0,0,1
133198517763587360,-0.053399,-0.293317,0.954523,0.71684,-0.995198,-0.0628942,-0.0750015,0.142931,0.0820333,-0.953944,-0.28855,0.743572,0,0,0,1
133198517763917749,-0.0538807,-0.292862,0.954636,0.717441,-0.995217,-0.0622722,-0.0752747,0.142982,0.0814922,-0.954125,-0.288106,0.74374,0,0,0,1
133198517764577384,-0.0537322,-0.290828,0.955265,0.718817,-0.995482,-0.0594013,-0.0740789,0.143383,0.0782883,-0.954929,-0.286322,0.74427,0,0,0,1
133198517765239968,-0.0535836,-0.288172,0.956078,0.720411,-0.995715,-0.0568494,-0.0729402,0.143709,0.0753719,-0.955889,-0.283891,0.744542,0,0,0,1
133198517765567526,-0.0535402,-0.28719,0.956376,0.721254,-0.995768,-0.05629,-0.072649,0.143757,0.0746987,-0.956218,-0.282961,0.744421,0,0,0,1
133198517765900043,-0.0540533,-0.286993,0.956406,0.722093,-0.995701,-0.056659,-0.0732763,0.143668,0.075219,-0.956255,-0.282697,0.744074,0,0,0,1
133198517766228726,-0.055184,-0.287633,0.95615,0.72288,-0.995533,-0.0576224,-0.0747914,0.143482,0.0766082,-0.956006,-0.283168,0.743717,0,0,0,1
133198517766579260,-0.0560393,-0.288831,0.955739,0.723681,-0.995358,-0.0588588,-0.0761498,0.143331,0.0782479,-0.955569,-0.284191,0.743475,0,0,0,1
133198517766887253,-0.0561085,-0.289373,0.955571,0.724483,-0.995376,-0.0585264,-0.076169,0.143403,0.0779673,-0.955426,-0.284751,0.743512,0,0,0,1
133198517767217316,-0.0560271,-0.28933,0.955588,0.725433,-0.995489,-0.0572109,-0.0756886,0.143533,0.0765691,-0.955518,-0.28482,0.74376,0,0,0,1
133198517767547004,-0.0558528,-0.288305,0.955908,0.726556,-0.995742,-0.0542368,-0.0745383,0.143778,0.0733353,-0.956001,-0.284048,0.744037,0,0,0,1
133198517767879973,-0.05603,-0.28656,0.956423,0.727811,-0.995937,-0.0516021,-0.0738055,0.143933,0.0705029,-0.956672,-0.282504,0.744077,0,0,0,1
133198517768207849,-0.0588475,-0.286746,0.956198,0.728889,-0.995634,-0.0526659,-0.0770681,0.143579,0.072458,-0.956558,-0.282395,0.743828,0,0,0,1
133198517768538209,-0.0607603,-0.287822,0.955755,0.729808,-0.995392,-0.053695,-0.0794502,0.143279,0.0741868,-0.956177,-0.283233,0.743467,0,0,0,1
133198517768867125,-0.0589724,-0.28848,0.955668,0.730772,-0.995545,-0.0535588,-0.0776004,0.143429,0.0735705,-0.955987,-0.284037,0.743147,0,0,0,1
133198517769197287,-0.0609212,-0.291126,0.954743,0.731611,-0.995237,-0.055213,-0.0803411,0.143091,0.0761037,-0.95509,-0.286376,0.742851,0,0,0,1
133198517769527317,-0.0619912,-0.293113,0.954066,0.732545,-0.995142,-0.0550958,-0.0815871,0.142973,0.0764793,-0.954489,-0.288273,0.742786,0,0,0,1
133198517770186263,-0.0649855,-0.297332,0.95256,0.734409,-0.994871,-0.0548501,-0.084993,0.142433,0.0775192,-0.953197,-0.292242,0.742993,0,0,0,1
133198517770521995,-0.0646393,-0.2976,0.9525,0.735515,-0.994976,-0.0539099,-0.0843653,0.142256,0.0764562,-0.953167,-0.292621,0.743285,0,0,0,1
133198517770849500,-0.0671536,-0.297874,0.95224,0.736644,-0.99471,-0.0543681,-0.0871558,0.141761,0.077733,-0.953056,-0.292647,0.743585,0,0,0,1
133198517771177330,-0.0681838,-0.297536,0.952273,0.737899,-0.994507,-0.0557082,-0.0886137,0.141378,0.0794152,-0.953084,-0.292103,0.743942,0,0,0,1
133198517771507207,-0.066968,-0.296047,0.952823,0.739386,-0.994643,-0.0555604,-0.0871701,0.141321,0.0787455,-0.953556,-0.29074,0.744404,0,0,0,1
133198517771839232,-0.0686738,-0.295809,0.952776,0.741,-0.994576,-0.0544794,-0.0886008,0.141049,0.0781155,-0.953692,-0.290463,0.74473,0,0,0,1
133198517772169191,-0.0717726,-0.295726,0.952573,0.742738,-0.99439,-0.0531862,-0.0914349,0.140759,0.0777034,-0.953791,-0.29025,0.744988,0,0,0,1
133198517772498381,-0.071692,-0.294268,0.95303,0.744707,-0.994503,-0.0520175,-0.0908732,0.14087,0.0763153,-0.954306,-0.288922,0.74527,0,0,0,1
133198517772836486,-0.072328,-0.2932,0.953311,0.746764,-0.994534,-0.050966,-0.0911308,0.140903,0.0753061,-0.954692,-0.287911,0.745453,0,0,0,1
133198517773158930,-0.0749145,-0.293424,0.953042,0.748638,-0.994315,-0.0505415,-0.0937198,0.140689,0.0756682,-0.954645,-0.287969,0.745525,0,0,0,1
133198517774157461,-0.0756738,-0.291768,0.953491,0.754617,-0.994379,-0.0489376,-0.0938941,0.140517,0.074057,-0.955236,-0.286424,0.74558,0,0,0,1
133198517774477869,-0.0756048,-0.288995,0.95434,0.756705,-0.994405,-0.0489533,-0.0936029,0.140439,0.0737689,-0.956078,-0.283677,0.745516,0,0,0,1
133198517775138061,-0.0781412,-0.284012,0.955631,0.760661,-0.99407,-0.0505134,-0.0962972,0.139982,0.0756221,-0.957489,-0.278381,0.744938,0,0,0,1
133198517775467804,-0.0785273,-0.283126,0.955863,0.762306,-0.993945,-0.0516807,-0.0969638,0.139817,0.0768526,-0.957689,-0.277353,0.744479,0,0,0,1
133198517775797235,-0.0785336,-0.283247,0.955826,0.763754,-0.993922,-0.0519513,-0.0970591,0.139732,0.0771482,-0.957639,-0.277445,0.744033,0,0,0,1
133198517776128605,-0.0793173,-0.283718,0.955622,0.765018,-0.993939,-0.0506959,-0.0975486,0.13966,0.0761222,-0.957567,-0.277977,0.743627,0,0,0,1
133198517777450692,-0.0840147,-0.286227,0.954471,0.768003,-0.993861,-0.0451225,-0.101013,0.139608,0.0719809,-0.957099,-0.280679,0.742513,0,0,0,1
133198517777834344,-0.08476,-0.287335,0.954073,0.768143,-0.993807,-0.0446808,-0.101746,0.139665,0.0718638,-0.956788,-0.281768,0.742334,0,0,0,1
133198517778142576,-0.0844041,-0.288258,0.953826,0.768053,-0.993827,-0.0448154,-0.101487,0.139787,0.0720006,-0.956504,-0.282696,0.742316,0,0,0,1
133198517779096554,-0.0789486,-0.287543,0.954508,0.767655,-0.99446,-0.043938,-0.0954893,0.14055,0.0693964,-0.956759,-0.282482,0.743017,0,0,0,1
133198517779430420,-0.0787418,-0.285958,0.955001,0.767636,-0.994614,-0.0422366,-0.0946549,0.140707,0.0674033,-0.957311,-0.281093,0.743408,0,0,0,1
133198517779757658,-0.0783975,-0.284119,0.955578,0.767583,-0.994752,-0.0409149,-0.0937765,0.140811,0.065741,-0.957916,-0.27942,0.743727,0,0,0,1
133198517780091009,-0.0782989,-0.281804,0.956272,0.767521,-0.994875,-0.0394633,-0.093089,0.140911,0.0639703,-0.95866,-0.27727,0.743929,0,0,0,1
133198517780420600,-0.0780218,-0.279403,0.956999,0.76746,-0.994967,-0.0387158,-0.0924206,0.140961,0.0628735,-0.959393,-0.274976,0.743942,0,0,0,1
133198517781083414,-0.0779693,-0.279251,0.957047,0.766838,-0.994763,-0.0418359,-0.0932491,0.140545,0.0660789,-0.959306,-0.274526,0.742935,0,0,0,1
133198517781410385,-0.0787449,-0.281322,0.956377,0.766419,-0.994544,-0.0436742,-0.0947343,0.140209,0.0684198,-0.958619,-0.276348,0.742109,0,0,0,1
133198517781738522,-0.0791342,-0.284048,0.955539,0.765969,-0.994344,-0.0456176,-0.0959083,0.13983,0.0708318,-0.957724,-0.278832,0.741271,0,0,0,1
133198517782071168,-0.0811837,-0.286715,0.95457,0.76556,-0.994012,-0.046997,-0.0986539,0.139352,0.0731472,-0.956863,-0.281183,0.740571,0,0,0,1
133198517782409292,-0.0831409,-0.288398,0.953894,0.765189,-0.993745,-0.0476202,-0.101012,0.138956,0.074556,-0.956326,-0.282635,0.740131,0,0,0,1
133198517782727033,-0.083807,-0.288775,0.953722,0.764925,-0.99366,-0.047755,-0.101776,0.13879,0.0749354,-0.956205,-0.282942,0.739944,0,0,0,1
133198517783065949,-0.0842924,-0.288586,0.953736,0.76473,-0.993647,-0.0472839,-0.102127,0.13871,0.0745689,-0.956286,-0.282766,0.739937,0,0,0,1
133198517785367539,-0.0893608,-0.291994,0.952236,0.764497,-0.993203,-0.0454702,-0.107148,0.137806,0.0745851,-0.955339,-0.285946,0.741032,0,0,0,1
133198517785697372,-0.0928121,-0.291723,0.951989,0.764952,-0.992919,-0.0440855,-0.110312,0.1374,0.0741493,-0.955486,-0.285566,0.741501,0,0,0,1
133198517786032712,-0.0982904,-0.292044,0.95134,0.765522,-0.9924,-0.0423522,-0.115534,0.136687,0.0740329,-0.955466,-0.285662,0.741863,0,0,0,1
133198517786358653,-0.1061,-0.293093,0.950179,0.766338,-0.991545,-0.0406117,-0.123246,0.135675,0.0747108,-0.955221,-0.286306,0.742063,0,0,0,1
133198517786688900,-0.117279,-0.29482,0.948328,0.767393,-0.990154,-0.0387692,-0.134505,0.134127,0.076421,-0.954766,-0.287371,0.742044,0,0,0,1
133198517787021420,-0.131027,-0.297265,0.945762,0.768609,-0.988266,-0.0363742,-0.148349,0.132236,0.0785003,-0.954102,-0.289011,0.741817,0,0,0,1
133198517787351283,-0.141751,-0.299386,0.943544,0.76986,-0.986671,-0.0342218,-0.159088,0.130661,0.0799184,-0.953518,-0.290544,0.741507,0,0,0,1
133198517787683597,-0.148728,-0.300737,0.942039,0.771002,-0.985507,-0.0335093,-0.166289,0.129502,0.0815763,-0.953118,-0.291395,0.741186,0,0,0,1
133198517788017775,-0.153096,-0.301087,0.941227,0.772028,-0.984722,-0.033483,-0.170882,0.1287,0.0829654,-0.953009,-0.291361,0.740969,0,0,0,1
133198517788355391,-0.155656,-0.301089,0.940806,0.772906,-0.984222,-0.0338497,-0.173672,0.128171,0.0841369,-0.952995,-0.29107,0.740775,0,0,0,1
133198517788667440,-0.157655,-0.301166,0.940449,0.773533,-0.983835,-0.0340062,-0.175819,0.1278,0.0849318,-0.952965,-0.290936,0.74064,0,0,0,1
133198517788998190,-0.15947,-0.301406,0.940066,0.774145,-0.983487,-0.034039,-0.177749,0.127539,0.0855736,-0.952888,-0.291001,0.740532,0,0,0,1
133198517790319853,-0.160434,-0.30198,0.939718,0.775944,-0.983436,-0.0324531,-0.178326,0.127568,0.0843477,-0.952762,-0.291772,0.740565,0,0,0,1
133198517791308562,-0.158598,-0.301228,0.94027,0.776853,-0.983858,-0.0317255,-0.176114,0.127957,0.0828812,-0.953024,-0.291334,0.74083,0,0,0,1
133198517791637889,-0.158036,-0.301031,0.940428,0.777061,-0.983989,-0.0314715,-0.17543,0.128115,0.0824067,-0.953095,-0.291237,0.740904,0,0,0,1
133198517791968797,-0.157046,-0.300745,0.940686,0.777215,-0.984179,-0.0314562,-0.174363,0.128285,0.082029,-0.953186,-0.291047,0.740984,0,0,0,1
133198517793951742,-0.152379,-0.300517,0.941525,0.777636,-0.984969,-0.0322349,-0.169699,0.128995,0.0813474,-0.953231,-0.291088,0.74138,0,0,0,1
133198517796586605,-0.148286,-0.296394,0.943484,0.778031,-0.985651,-0.0335076,-0.165439,0.129611,0.080649,-0.954478,-0.287172,0.741846,0,0,0,1
133198517798899857,-0.144786,-0.298247,0.943444,0.776655,-0.986134,-0.0346596,-0.162294,0.130043,0.0811028,-0.95386,-0.289093,0.741638,0,0,0,1
133198517799886241,-0.144189,-0.299528,0.943129,0.776146,-0.98621,-0.0347446,-0.16181,0.130087,0.0812352,-0.953455,-0.290388,0.741514,0,0,0,1
133198517800218174,-0.14415,-0.299791,0.943052,0.776031,-0.986213,-0.0347409,-0.161792,0.130059,0.0812662,-0.953372,-0.29065,0.741479,0,0,0,1
133198517800546708,-0.14404,-0.29993,0.943024,0.77598,-0.986229,-0.0347581,-0.161694,0.130044,0.0812744,-0.953328,-0.290793,0.741454,0,0,0,1
133198517800878060,-0.143975,-0.300048,0.942997,0.775959,-0.986239,-0.0347452,-0.161633,0.130053,0.0812623,-0.953291,-0.290917,0.741428,0,0,0,1
133198517801206776,-0.144046,-0.300216,0.942932,0.775946,-0.986234,-0.0346371,-0.161689,0.130039,0.0812019,-0.953242,-0.291093,0.741399,0,0,0,1
133198517801537001,-0.144186,-0.300447,0.942837,0.775975,-0.986212,-0.0345786,-0.161838,0.130017,0.0812255,-0.953172,-0.291319,0.741373,0,0,0,1
133198517803199571,-0.143719,-0.301795,0.942478,0.776215,-0.98629,-0.0343676,-0.161405,0.130011,0.081102,-0.952753,-0.292718,0.741053,0,0,0,1
133198517803850883,-0.142334,-0.302421,0.942487,0.776302,-0.986545,-0.0340291,-0.159907,0.130264,0.0804315,-0.952567,-0.293509,0.740974,0,0,0,1
133198517804836929,-0.139762,-0.301779,0.943078,0.776675,-0.986988,-0.0340159,-0.157155,0.130644,0.0795056,-0.952771,-0.293098,0.740807,0,0,0,1
133198517806486980,-0.135159,-0.303165,0.943304,0.777105,-0.987589,-0.035645,-0.152961,0.131178,0.0799966,-0.952271,-0.294585,0.740329,0,0,0,1
133198517806819266,-0.134885,-0.302711,0.943489,0.777355,-0.987643,-0.0356088,-0.152622,0.131212,0.0797968,-0.952417,-0.294168,0.740405,0,0,0,1
133198517807149937,-0.134806,-0.30219,0.943667,0.777625,-0.987666,-0.0355717,-0.152483,0.131203,0.0796466,-0.952584,-0.293668,0.740428,0,0,0,1
133198517807479500,-0.13465,-0.301979,0.943757,0.777885,-0.987694,-0.0355731,-0.152302,0.131216,0.0795645,-0.95265,-0.293473,0.740475,0,0,0,1
133198517807807712,-0.134598,-0.302114,0.943722,0.778141,-0.987708,-0.0354831,-0.15223,0.131205,0.0794772,-0.952611,-0.293624,0.740484,0,0,0,1
133198517808150009,-0.134535,-0.302332,0.943661,0.77838,-0.987727,-0.0353466,-0.152141,0.131191,0.0793524,-0.952547,-0.293866,0.740506,0,0,0,1
133198517808467391,-0.134471,-0.302277,0.943687,0.778659,-0.98774,-0.0353104,-0.152059,0.131188,0.0792859,-0.952566,-0.293823,0.740507,0,0,0,1
133198517808796532,-0.134452,-0.301856,0.943825,0.778995,-0.987756,-0.0352213,-0.151975,0.131178,0.0791175,-0.952703,-0.293424,0.740607,0,0,0,1
133198517809126252,-0.134655,-0.301286,0.943978,0.779358,-0.987749,-0.0350156,-0.152074,0.131148,0.0788716,-0.952891,-0.29288,0.740725,0,0,0,1
133198517809465642,-0.134842,-0.3007,0.944138,0.77976,-0.987753,-0.0346928,-0.152121,0.131135,0.0784974,-0.953088,-0.292339,0.740849,0,0,0,1
133198517810133613,-0.135265,-0.299737,0.944384,0.780541,-0.987743,-0.0341392,-0.152311,0.131122,0.0778937,-0.953411,-0.291445,0.740988,0,0,0,1
133198517810460758,-0.135319,-0.299411,0.94448,0.780901,-0.987746,-0.0340416,-0.152309,0.131091,0.0777546,-0.953517,-0.291136,0.74103,0,0,0,1
133198517810777650,-0.135471,-0.299261,0.944505,0.781256,-0.987722,-0.0340692,-0.152464,0.131061,0.0778051,-0.953563,-0.290971,0.741007,0,0,0,1
133198517811108411,-0.1356,-0.299237,0.944494,0.781594,-0.987694,-0.0341568,-0.152624,0.131073,0.0779321,-0.953567,-0.290922,0.740921,0,0,0,1
133198517813747179,-0.136407,-0.299265,0.944369,0.784496,-0.987493,-0.0350051,-0.153729,0.130844,0.0790634,-0.953528,-0.290747,0.739866,0,0,0,1
133198517814086549,-0.136729,-0.299126,0.944367,0.78488,-0.987392,-0.0356078,-0.154237,0.130769,0.0797628,-0.953549,-0.290486,0.739666,0,0,0,1
133198517814408032,-0.137018,-0.299558,0.944188,0.785152,-0.987284,-0.0362566,-0.154775,0.130649,0.080597,-0.953389,-0.290781,0.739435,0,0,0,1
133198517814742704,-0.13724,-0.300517,0.943851,0.78532,-0.987198,-0.0366832,-0.155222,0.130555,0.0812703,-0.953071,-0.291636,0.739229,0,0,0,1
133198517815067012,-0.137477,-0.301426,0.943527,0.785484,-0.98713,-0.0368803,-0.155612,0.130533,0.0817029,-0.952776,-0.292476,0.739105,0,0,0,1
133198517815398370,-0.136975,-0.301934,0.943437,0.785596,-0.987188,-0.0370791,-0.155194,0.130534,0.0818401,-0.952608,-0.292986,0.73911,0,0,0,1
133198517817046322,-0.134525,-0.303271,0.943361,0.78513,-0.98769,-0.0356581,-0.15231,0.130896,0.0798292,-0.952237,-0.294741,0.741034,0,0,0,1
133198517817379638,-0.13421,-0.302492,0.943656,0.784859,-0.987808,-0.0349674,-0.151699,0.131017,0.078885,-0.95251,-0.294111,0.741832,0,0,0,1
133198517817706737,-0.134797,-0.300903,0.94408,0.784639,-0.987884,-0.0331428,-0.151615,0.131148,0.0769107,-0.953079,-0.292789,0.742803,0,0,0,1
133198517818040883,-0.135074,-0.298424,0.944827,0.784408,-0.988123,-0.0299422,-0.150721,0.131441,0.0732689,-0.953964,-0.290835,0.743733,0,0,0,1
133198517818369951,-0.136163,-0.29699,0.945122,0.784019,-0.988144,-0.0275862,-0.15103,0.131577,0.0709268,-0.954482,-0.289713,0.744457,0,0,0,1
133198517818726279,-0.137772,-0.297738,0.944654,0.783259,-0.9879,-0.0272746,-0.152676,0.131473,0.0712225,-0.954258,-0.290378,0.744903,0,0,0,1
133198517819026394,-0.137218,-0.300021,0.944012,0.782368,-0.987892,-0.0282065,-0.152561,0.131414,0.0723986,-0.953516,-0.292518,0.745181,0,0,0,1
133198517819369769,-0.13558,-0.302373,0.943498,0.781365,-0.98811,-0.0284168,-0.151098,0.131566,0.0724991,-0.952766,-0.294925,0.74572,0,0,0,1
133198517819689116,-0.13538,-0.302681,0.943428,0.780651,-0.988241,-0.02706,-0.150492,0.131652,0.0710802,-0.952708,-0.295458,0.746456,0,0,0,1
133198517820025395,-0.136993,-0.301379,0.943612,0.780141,-0.988109,-0.0255611,-0.151617,0.131548,0.0698138,-0.953162,-0.294293,0.747317,0,0,0,1
133198517820349270,-0.139498,-0.299673,0.943789,0.779717,-0.98779,-0.0246482,-0.153828,0.131254,0.0693606,-0.953724,-0.292576,0.747985,0,0,0,1
133198517820677591,-0.14228,-0.299117,0.94355,0.779174,-0.987361,-0.0243503,-0.156606,0.130864,0.0698191,-0.953906,-0.291872,0.748338,0,0,0,1
133198517821008328,-0.144697,-0.300697,0.942679,0.778329,-0.986939,-0.0243237,-0.15925,0.130428,0.0708154,-0.95341,-0.29325,0.748313,0,0,0,1
133198517821345628,-0.147432,-0.303644,0.94131,0.777191,-0.986495,-0.0235167,-0.162095,0.130063,0.0713556,-0.952495,-0.296076,0.748017,0,0,0,1
133198517821667555,-0.148889,-0.306623,0.940114,0.775908,-0.986266,-0.0226904,-0.163599,0.129926,0.0714949,-0.951561,-0.299033,0.747582,0,0,0,1
133198517822002698,-0.148957,-0.30946,0.939173,0.774445,-0.986219,-0.0226623,-0.163886,0.12993,0.0720001,-0.950642,-0.30182,0.74705,0,0,0,1
133198517822658249,-0.146755,-0.313029,0.938337,0.771588,-0.986356,-0.0252346,-0.162684,0.130242,0.0746031,-0.949408,-0.305055,0.746117,0,0,0,1
133198517822988632,-0.144172,-0.313384,0.938619,0.770357,-0.986593,-0.0277822,-0.160816,0.130522,0.0764742,-0.94922,-0.305177,0.745815,0,0,0,1
133198517823317464,-0.142988,-0.313485,0.938766,0.769289,-0.986534,-0.0309546,-0.160601,0.130615,0.0794052,-0.949088,-0.304837,0.745684,0,0,0,1
133198517825956655,-0.133156,-0.307379,0.942225,0.765358,-0.986991,-0.0453005,-0.154261,0.13142,0.0900998,-0.950508,-0.297348,0.748498,0,0,0,1
133198517826297443,-0.131888,-0.30618,0.942793,0.764959,-0.987194,-0.0455375,-0.152888,0.131646,0.0897439,-0.950884,-0.296253,0.749129,0,0,0,1
133198517826617753,-0.13032,-0.305171,0.943338,0.764579,-0.987455,-0.0456097,-0.15117,0.131867,0.0891582,-0.951204,-0.295399,0.749705,0,0,0,1
133198517826946657,-0.128752,-0.304268,0.943845,0.764205,-0.987713,-0.0456706,-0.149459,0.132098,0.0885814,-0.951491,-0.294649,0.750226,0,0,0,1
133198517827277187,-0.127458,-0.303564,0.944247,0.763892,-0.987911,-0.0458395,-0.148089,0.13229,0.0882385,-0.951708,-0.294052,0.750686,0,0,0,1
133198517827606081,-0.126505,-0.303292,0.944463,0.763617,-0.98803,-0.0462132,-0.14718,0.132377,0.0882849,-0.951777,-0.293815,0.751051,0,0,0,1
133198517827939425,-0.125596,-0.303515,0.944513,0.763362,-0.988134,-0.046572,-0.146362,0.13246,0.0884107,-0.951688,-0.294065,0.751332,0,0,0,1
133198517828267503,-0.124921,-0.303899,0.944479,0.763162,-0.988224,-0.046669,-0.145724,0.132536,0.0883632,-0.95156,-0.294491,0.75157,0,0,0,1
133198517828597839,-0.124688,-0.304314,0.944376,0.763016,-0.988255,-0.0466629,-0.145518,0.132544,0.0883504,-0.951428,-0.294921,0.751768,0,0,0,1
133198517832887482,-0.123216,-0.309444,0.942901,0.762274,-0.987996,-0.0509602,-0.145833,0.132336,0.0931776,-0.949551,-0.29945,0.75156,0,0,0,1
133198517833215382,-0.122988,-0.309097,0.943044,0.762245,-0.988037,-0.0509498,-0.145556,0.132411,0.0930389,-0.949665,-0.299133,0.751687,0,0,0,1
133198517833547394,-0.122868,-0.308214,0.943349,0.76226,-0.988085,-0.0507905,-0.145289,0.132485,0.0926932,-0.94996,-0.298301,0.751846,0,0,0,1
133198517833876128,-0.123016,-0.307283,0.943633,0.762307,-0.988068,-0.0508714,-0.145375,0.132481,0.0926752,-0.950257,-0.297359,0.752008,0,0,0,1
133198517834207169,-0.12297,-0.306418,0.943921,0.762333,-0.988072,-0.0510398,-0.14529,0.132512,0.092697,-0.950528,-0.296486,0.752139,0,0,0,1
133198517837926319,-0.121971,-0.303244,0.945075,0.762577,-0.988076,-0.0530446,-0.144541,0.132661,0.0939621,-0.951435,-0.293158,0.752182,0,0,0,1
133198517838266307,-0.121936,-0.304013,0.944832,0.762587,-0.988032,-0.0534205,-0.1447,0.132676,0.0944642,-0.951169,-0.29386,0.752017,0,0,0,1
133198517838934212,-0.121302,-0.305395,0.944468,0.762794,-0.988098,-0.0535274,-0.144214,0.132668,0.094597,-0.95072,-0.295267,0.75168,0,0,0,1
133198517839250167,-0.121673,-0.306392,0.944098,0.762945,-0.988038,-0.0534078,-0.144668,0.132614,0.0947472,-0.950406,-0.296229,0.751507,0,0,0,1
133198517839622942,-0.121838,-0.307422,0.943741,0.763172,-0.988091,-0.05246,-0.144652,0.132686,0.0939776,-0.950126,-0.29737,0.75131,0,0,0,1
133198517839911260,-0.121608,-0.307787,0.943652,0.763431,-0.988142,-0.0522377,-0.14438,0.132719,0.0937326,-0.95002,-0.297785,0.751127,0,0,0,1
133198517840240395,-0.122386,-0.308844,0.943205,0.763752,-0.987865,-0.0536575,-0.145751,0.132511,0.0956246,-0.949598,-0.298529,0.750967,0,0,0,1
133198517840570060,-0.123361,-0.310943,0.942389,0.764026,-0.98761,-0.0543576,-0.147216,0.132313,0.0970017,-0.948873,-0.300385,0.750959,0,0,0,1
133198517841233041,-0.122291,-0.311271,0.94242,0.765185,-0.988112,-0.0509542,-0.14505,0.132668,0.0931699,-0.948954,-0.30134,0.751824,0,0,0,1
133198517841560937,-0.123335,-0.308893,0.943066,0.766113,-0.988193,-0.0488219,-0.145228,0.132734,0.0909021,-0.949843,-0.299225,0.752653,0,0,0,1
133198517841889676,-0.122585,-0.304596,0.94456,0.767295,-0.988629,-0.0460387,-0.143151,0.133027,0.08709,-0.951368,-0.295489,0.75351,0,0,0,1
133198517842221579,-0.123753,-0.301658,0.945351,0.768408,-0.988614,-0.0446966,-0.143679,0.132957,0.0855958,-0.952368,-0.292692,0.754117,0,0,0,1
133198517842550109,-0.125212,-0.299464,0.945856,0.769402,-0.98854,-0.0433689,-0.144594,0.132853,0.0843211,-0.953122,-0.290602,0.754425,0,0,0,1
133198517842880343,-0.12605,-0.298186,0.946148,0.770273,-0.988518,-0.0423638,-0.145046,0.132704,0.0833332,-0.953567,-0.289422,0.754467,0,0,0,1
133198517843548687,-0.12898,-0.298307,0.945715,0.771453,-0.98818,-0.041015,-0.147708,0.132156,0.0828508,-0.953588,-0.289491,0.753353,0,0,0,1
133198517843871144,-0.13134,-0.300188,0.944795,0.771671,-0.987631,-0.0427133,-0.150866,0.131563,0.0856436,-0.952923,-0.290865,0.752265,0,0,0,1
133198517844261349,-0.133868,-0.304017,0.943214,0.771582,-0.986778,-0.0468549,-0.155154,0.130778,0.0913637,-0.951513,-0.293725,0.750628,0,0,0,1
133198517844534085,-0.134403,-0.307269,0.942084,0.771343,-0.986333,-0.0499511,-0.157007,0.130356,0.0953015,-0.950311,-0.296356,0.749513,0,0,0,1
133198517844859038,-0.133934,-0.311002,0.940925,0.771013,-0.986091,-0.0524756,-0.157707,0.130095,0.0984226,-0.948959,-0.299649,0.748388,0,0,0,1
133198517845189762,-0.13309,-0.314851,0.939764,0.770634,-0.986,-0.0540463,-0.157745,0.130038,0.100457,-0.947601,-0.30325,0.747506,0,0,0,1
133198517845522039,-0.132006,-0.318107,0.93882,0.770333,-0.986038,-0.0548497,-0.15723,0.130144,0.10151,-0.946467,-0.306425,0.746926,0,0,0,1
133198517846514480,-0.129883,-0.320076,0.938446,0.770535,-0.986245,-0.0558817,-0.155558,0.130289,0.102233,-0.945742,-0.308416,0.746541,0,0,0,1
133198517847169533,-0.129992,-0.317641,0.939258,0.771315,-0.986268,-0.0559065,-0.155404,0.130291,0.101874,-0.946561,-0.306012,0.746658,0,0,0,1
133198517847829167,-0.131015,-0.314864,0.940051,0.772335,-0.986175,-0.0556524,-0.156084,0.130246,0.101461,-0.947504,-0.30322,0.746575,0,0,0,1
133198517848161423,-0.131647,-0.313976,0.940259,0.772803,-0.986094,-0.055568,-0.15662,0.13019,0.101423,-0.947803,-0.302295,0.746349,0,0,0,1
133198517848490006,-0.13212,-0.313703,0.940284,0.773201,-0.985944,-0.0562757,-0.157311,0.130088,0.102264,-0.947852,-0.301859,0.745984,0,0,0,1
133198517848819914,-0.13224,-0.314186,0.940106,0.773494,-0.985752,-0.057775,-0.157969,0.129926,0.103946,-0.947602,-0.302069,0.74554,0,0,0,1
133198517849153814,-0.132256,-0.314657,0.939946,0.773763,-0.985638,-0.0587126,-0.158339,0.129875,0.105009,-0.947388,-0.302373,0.7451,0,0,0,1
133198517849480232,-0.131618,-0.314876,0.939963,0.774043,-0.98563,-0.0597091,-0.158014,0.129856,0.105879,-0.947253,-0.302492,0.744774,0,0,0,1
133198517849811533,-0.131433,-0.314604,0.94008,0.774334,-0.985635,-0.059988,-0.157878,0.129895,0.106062,-0.947326,-0.302201,0.744518,0,0,0,1
133198517850159606,-0.131156,-0.314303,0.940219,0.774612,-0.98563,-0.0604987,-0.157714,0.129921,0.106452,-0.947393,-0.301851,0.744272,0,0,0,1
133198517850470346,-0.130976,-0.314306,0.940243,0.774802,-0.985636,-0.060714,-0.157595,0.129967,0.106619,-0.947378,-0.301839,0.744037,0,0,0,1
133198517851130749,-0.130708,-0.315527,0.939871,0.774901,-0.985685,-0.060467,-0.15738,0.130068,0.106489,-0.946988,-0.303106,0.743504,0,0,0,1
133198517853439519,-0.130126,-0.321048,0.938081,0.773267,-0.986255,-0.055257,-0.155719,0.130362,0.101829,-0.945449,-0.309445,0.743556,0,0,0,1
133198517853772499,-0.130595,-0.322299,0.937587,0.772848,-0.9863,-0.0539007,-0.155909,0.130332,0.100786,-0.945102,-0.310845,0.743336,0,0,0,1
133198517854202120,-0.130363,-0.325078,0.936659,0.772197,-0.986219,-0.0545473,-0.156192,0.130188,0.101867,-0.944113,-0.313487,0.742843,0,0,0,1
133198517854430524,-0.12965,-0.326337,0.93632,0.771868,-0.986286,-0.0548151,-0.155674,0.130224,0.102127,-0.943663,-0.314755,0.742548,0,0,0,1
133198517855419783,-0.129376,-0.331832,0.934425,0.770756,-0.986288,-0.0543092,-0.155842,0.130266,0.102461,-0.941774,-0.320256,0.741393,0,0,0,1
133198517855764233,-0.127347,-0.33225,0.934555,0.77062,-0.986713,-0.0534129,-0.153443,0.130489,0.100899,-0.941678,-0.321034,0.741068,0,0,0,1
133198517856117989,-0.128477,-0.332912,0.934165,0.770542,-0.986582,-0.0527838,-0.154497,0.130406,0.100742,-0.94148,-0.321663,0.740588,0,0,0,1
133198517856429770,-0.127939,-0.332722,0.934306,0.770645,-0.986645,-0.0530556,-0.154,0.130381,0.100809,-0.941531,-0.321491,0.740033,0,0,0,1
133198517856739914,-0.128716,-0.33322,0.934021,0.770795,-0.986302,-0.0549574,-0.155527,0.130091,0.103156,-0.941246,-0.321582,0.739346,0,0,0,1
133198517857068682,-0.128491,-0.333908,0.933807,0.771139,-0.986073,-0.0572444,-0.156152,0.129895,0.105595,-0.940866,-0.321903,0.738647,0,0,0,1
133198517857401603,-0.127068,-0.334003,0.933968,0.771789,-0.986135,-0.0587779,-0.155186,0.129795,0.106729,-0.940738,-0.321903,0.737851,0,0,0,1
133198517857733016,-0.129201,-0.336365,0.932827,0.772492,-0.985468,-0.0610536,-0.158507,0.129306,0.110269,-0.93975,-0.323589,0.736986,0,0,0,1
133198517858066057,-0.128029,-0.33706,0.932737,0.773616,-0.985456,-0.0627239,-0.157932,0.129139,0.111737,-0.939391,-0.324127,0.73626,0,0,0,1
133198517858389346,-0.128295,-0.336428,0.932929,0.775001,-0.98527,-0.0640061,-0.158574,0.128889,0.113062,-0.939532,-0.32326,0.735738,0,0,0,1
133198517860383400,-0.135725,-0.319732,0.937737,0.783577,-0.985147,-0.0569305,-0.161998,0.128885,0.105182,-0.945796,-0.307257,0.736198,0,0,0,1
133198517860699412,-0.136816,-0.319084,0.937799,0.784091,-0.985103,-0.0557395,-0.162683,0.128944,0.104182,-0.946086,-0.306704,0.736143,0,0,0,1
133198517861042305,-0.137052,-0.319809,0.937517,0.784316,-0.985183,-0.054512,-0.162616,0.129152,0.103112,-0.945912,-0.3076,0.735997,0,0,0,1
133198517861359867,-0.135108,-0.320653,0.937512,0.784459,-0.985588,-0.0537165,-0.160409,0.129575,0.101795,-0.945673,-0.308774,0.735879,0,0,0,1
133198517861689527,-0.133606,-0.320854,0.937658,0.784622,-0.985938,-0.0527982,-0.158552,0.129938,0.100379,-0.945656,-0.309288,0.735801,0,0,0,1
133198517862023981,-0.13345,-0.320799,0.937699,0.784815,-0.986138,-0.0511611,-0.157846,0.130139,0.0986104,-0.945765,-0.309525,0.735774,0,0,0,1
133198517862350108,-0.134457,-0.320324,0.937717,0.785033,-0.986195,-0.0490412,-0.15816,0.130277,0.0966492,-0.946038,-0.309308,0.735782,0,0,0,1
133198517862691317,-0.1344,-0.319538,0.937994,0.785188,-0.986345,-0.0477812,-0.157605,0.130438,0.0951794,-0.946368,-0.308753,0.735775,0,0,0,1
133198517863010946,-0.134139,-0.318682,0.938323,0.785291,-0.986504,-0.0467832,-0.156916,0.130597,0.0939035,-0.946707,-0.308105,0.735748,0,0,0,1
133198517863363586,-0.133476,-0.318013,0.938644,0.785331,-0.986796,-0.0450386,-0.155582,0.130815,0.0917523,-0.947016,-0.307802,0.735643,0,0,0,1
133198517863669351,-0.134006,-0.31755,0.938725,0.785325,-0.986866,-0.0434635,-0.155581,0.130883,0.0902052,-0.947245,-0.307555,0.735461,0,0,0,1
133198517864019225,-0.135158,-0.317578,0.93855,0.785184,-0.986736,-0.042819,-0.156585,0.130738,0.089916,-0.947265,-0.307578,0.735111,0,0,0,1
133198517864333183,-0.136574,-0.317673,0.938313,0.784974,-0.986559,-0.042166,-0.157872,0.1306,0.0897167,-0.947262,-0.307645,0.734725,0,0,0,1
133198517864992817,-0.137754,-0.319584,0.937491,0.783991,-0.986221,-0.0432885,-0.159671,0.130344,0.0916109,-0.946569,-0.309217,0.73368,0,0,0,1
133198517865319491,-0.137285,-0.321776,0.93681,0.783248,-0.986096,-0.0450075,-0.159967,0.130337,0.0936369,-0.945745,-0.311123,0.733065,0,0,0,1
133198517865654032,-0.135316,-0.324583,0.936128,0.782333,-0.986172,-0.0471147,-0.158886,0.130454,0.0956771,-0.944683,-0.313719,0.732473,0,0,0,1
133198517870270819,-0.134491,-0.331704,0.933748,0.775983,-0.985122,-0.0569839,-0.162134,0.129357,0.106989,-0.941661,-0.319105,0.727992,0,0,0,1
133198517870600652,-0.133565,-0.334147,0.933009,0.774985,-0.985222,-0.0570934,-0.161487,0.129455,0.107229,-0.94079,-0.321584,0.727665,0,0,0,1
133198517870934322,-0.131681,-0.336318,0.932497,0.773972,-0.985451,-0.0575545,-0.159917,0.129718,0.107452,-0.939988,-0.323846,0.727554,0,0,0,1
133198517873900230,-0.128535,-0.334084,0.933738,0.770215,-0.986742,-0.0509999,-0.154079,0.131054,0.0990956,-0.941163,-0.323099,0.731569,0,0,0,1
133198517874236090,-0.12839,-0.332541,0.934309,0.769983,-0.986919,-0.0497825,-0.153338,0.131227,0.0975033,-0.941774,-0.3218,0.732262,0,0,0,1
133198517874560439,-0.128185,-0.331382,0.934748,0.769714,-0.987073,-0.048802,-0.152662,0.131388,0.0962071,-0.942234,-0.320842,0.732911,0,0,0,1
133198517874893023,-0.128091,-0.33044,0.935095,0.769488,-0.987201,-0.0478382,-0.152133,0.131512,0.0950044,-0.942614,-0.320083,0.733519,0,0,0,1
133198517875218737,-0.128151,-0.329713,0.935343,0.769227,-0.987294,-0.0469319,-0.151813,0.131627,0.0939523,-0.942914,-0.319509,0.734057,0,0,0,1
133198517875549254,-0.127966,-0.329022,0.935612,0.768975,-0.987396,-0.0463262,-0.151339,0.131752,0.093137,-0.943186,-0.318947,0.734525,0,0,0,1
133198517875879286,-0.127436,-0.328391,0.935906,0.768696,-0.987537,-0.0458541,-0.150556,0.131899,0.0923563,-0.943428,-0.318454,0.734916,0,0,0,1
133198517876209945,-0.12693,-0.327794,0.936184,0.768398,-0.987676,-0.0453579,-0.149793,0.132054,0.0915645,-0.94366,-0.317997,0.735255,0,0,0,1
133198517877199079,-0.125578,-0.328102,0.936258,0.766459,-0.987856,-0.0456817,-0.148507,0.132614,0.0914955,-0.943537,-0.318381,0.735879,0,0,0,1
133198517877531238,-0.125215,-0.327948,0.936361,0.765437,-0.987803,-0.0468349,-0.148497,0.132631,0.0925538,-0.943534,-0.318083,0.736272,0,0,0,1
133198517877861102,-0.127658,-0.325889,0.93675,0.764369,-0.987523,-0.0460379,-0.150593,0.132468,0.0922025,-0.944286,-0.315946,0.736989,0,0,0,1
133198517878218773,-0.131689,-0.320936,0.937901,0.763225,-0.987256,-0.0428232,-0.153273,0.132356,0.0893545,-0.946132,-0.311206,0.738088,0,0,0,1
133198517878522567,-0.133499,-0.31605,0.939303,0.762139,-0.987337,-0.0395347,-0.153628,0.132504,0.0856893,-0.947918,-0.30677,0.738994,0,0,0,1
133198517878849500,-0.134783,-0.311809,0.940536,0.760826,-0.987399,-0.0371764,-0.153823,0.132588,0.0829292,-0.949417,-0.302869,0.739631,0,0,0,1
133198517879183057,-0.138029,-0.308082,0.941294,0.759427,-0.987021,-0.0359749,-0.156509,0.132355,0.0820804,-0.950679,-0.299118,0.739874,0,0,0,1
133198517880499215,-0.157082,-0.294542,0.94264,0.755516,-0.983299,-0.0421865,-0.177039,0.129084,0.0919123,-0.954707,-0.282996,0.74067,0,0,0,1
133198517880829388,-0.158463,-0.295611,0.942074,0.754574,-0.982948,-0.0429165,-0.178805,0.128742,0.0932872,-0.954344,-0.28377,0.74099,0,0,0,1
133198517881161737,-0.160034,-0.29935,0.940627,0.753536,-0.982645,-0.0422349,-0.180624,0.128564,0.0937967,-0.953208,-0.287396,0.741221,0,0,0,1
133198517881489023,-0.160996,-0.304944,0.938663,0.75239,-0.982445,-0.0413048,-0.181924,0.128546,0.0942481,-0.951474,-0.292941,0.741399,0,0,0,1
133198517881818882,-0.16058,-0.311434,0.936602,0.751065,-0.982505,-0.0402465,-0.181833,0.128784,0.0943242,-0.949415,-0.299523,0.741481,0,0,0,1
133198517882203676,-0.157265,-0.319516,0.934439,0.749456,-0.983018,-0.0399644,-0.179106,0.129373,0.0945716,-0.946738,-0.307805,0.741464,0,0,0,1
133198517882479423,-0.153806,-0.325269,0.933029,0.748313,-0.983536,-0.0402701,-0.176171,0.129882,0.0948761,-0.944764,-0.313719,0.741394,0,0,0,1
133198517882809354,-0.15053,-0.331011,0.931543,0.747147,-0.984014,-0.0405369,-0.173414,0.130457,0.0951637,-0.942756,-0.319617,0.741351,0,0,0,1
133198517883142350,-0.147764,-0.33534,0.930437,0.746216,-0.984446,-0.0405291,-0.170948,0.131056,0.0950357,-0.941225,-0.324136,0.741377,0,0,0,1
133198517883470219,-0.144284,-0.338574,0.929812,0.745503,-0.985008,-0.0406508,-0.167652,0.131671,0.0945601,-0.940061,-0.327632,0.741408,0,0,0,1
133198517883800490,-0.141312,-0.341368,0.929246,0.744968,-0.985494,-0.0406057,-0.164783,0.132254,0.0939845,-0.939052,-0.330678,0.741394,0,0,0,1
133198517884185094,-0.138184,-0.344569,0.928535,0.744563,-0.98592,-0.041275,-0.162041,0.132774,0.0941596,-0.937853,-0.334014,0.741222,0,0,0,1
133198517884459317,-0.136548,-0.346709,0.92798,0.744417,-0.986101,-0.0419321,-0.160767,0.133038,0.0946521,-0.937035,-0.336164,0.74104,0,0,0,1
133198517885119345,-0.133053,-0.350401,0.927101,0.744583,-0.986469,-0.0435849,-0.158046,0.133525,0.0957874,-0.935585,-0.33986,0.740524,0,0,0,1
133198517887432700,-0.130932,-0.35639,0.925118,0.748679,-0.986234,-0.0482395,-0.158165,0.133147,0.100996,-0.933091,-0.345168,0.737674,0,0,0,1
133198517891390303,-0.127969,-0.359584,0.924296,0.754316,-0.986353,-0.0511978,-0.156479,0.133321,0.103589,-0.931707,-0.348125,0.735165,0,0,0,1
133198517891718262,-0.126842,-0.359652,0.924425,0.754387,-0.986519,-0.0514078,-0.155363,0.133461,0.103399,-0.931669,-0.348282,0.735118,0,0,0,1
133198517892053349,-0.12594,-0.360036,0.924399,0.754424,-0.98662,-0.0518003,-0.154592,0.133553,0.103543,-0.931499,-0.348695,0.735016,0,0,0,1
133198517892379675,-0.125489,-0.360645,0.924223,0.754497,-0.986657,-0.0520387,-0.154272,0.133575,0.103733,-0.93125,-0.349303,0.734964,0,0,0,1
133198517896019960,-0.128524,-0.360719,0.923777,0.756609,-0.986118,-0.0522683,-0.157607,0.132934,0.105136,-0.931209,-0.348993,0.736398,0,0,0,1
133198517896338165,-0.129174,-0.360214,0.923883,0.756784,-0.986097,-0.0515503,-0.157972,0.132935,0.10453,-0.931444,-0.348547,0.736679,0,0,0,1
133198517896669481,-0.129566,-0.359423,0.924136,0.75692,-0.986101,-0.0510526,-0.15811,0.132939,0.104008,-0.931777,-0.347813,0.73695,0,0,0,1
133198517897993744,-0.129397,-0.359274,0.924218,0.756937,-0.986025,-0.0520077,-0.158268,0.132815,0.104928,-0.931782,-0.347523,0.737523,0,0,0,1
133198517900309795,-0.13094,-0.359306,0.923988,0.756805,-0.985984,-0.0500038,-0.15917,0.132752,0.103394,-0.931879,-0.347722,0.73866,0,0,0,1
133198517900960620,-0.130954,-0.358993,0.924108,0.756569,-0.986012,-0.0497878,-0.159068,0.132751,0.103113,-0.932011,-0.347451,0.738918,0,0,0,1
133198517901289788,-0.130957,-0.358698,0.924222,0.75645,-0.986022,-0.0497448,-0.15902,0.132744,0.103015,-0.932127,-0.34717,0.73902,0,0,0,1
133198517901619387,-0.130798,-0.358398,0.924361,0.756337,-0.986045,-0.0498273,-0.158845,0.13275,0.102988,-0.932238,-0.346879,0.739126,0,0,0,1
133198517901960252,-0.130732,-0.358235,0.924433,0.75618,-0.986052,-0.0498936,-0.158781,0.13272,0.103004,-0.932297,-0.346716,0.739191,0,0,0,1
133198517902279310,-0.130744,-0.358184,0.924451,0.75604,-0.986037,-0.0500216,-0.158836,0.1327,0.103135,-0.93231,-0.346643,0.739267,0,0,0,1
133198517903601971,-0.130379,-0.357382,0.924813,0.755632,-0.986147,-0.0497301,-0.158243,0.132816,0.102544,-0.932634,-0.345947,0.739554,0,0,0,1
133198517903935199,-0.130549,-0.357472,0.924755,0.755523,-0.986113,-0.0497606,-0.158446,0.132757,0.102656,-0.932598,-0.346012,0.739564,0,0,0,1
133198517904260335,-0.130519,-0.357639,0.924694,0.75547,-0.986123,-0.0496836,-0.158406,0.132733,0.102594,-0.932537,-0.346192,0.739547,0,0,0,1
133198517904604544,-0.131341,-0.357583,0.9246,0.75545,-0.986054,-0.0490414,-0.159037,0.132733,0.102212,-0.932593,-0.346155,0.739539,0,0,0,1
133198517904919816,-0.131408,-0.357233,0.924725,0.7554,-0.986048,-0.0490464,-0.15907,0.132709,0.10218,-0.932727,-0.345804,0.739471,0,0,0,1
133198517905250892,-0.131352,-0.356902,0.924861,0.755303,-0.985985,-0.0497711,-0.15924,0.132622,0.102864,-0.932815,-0.345363,0.739341,0,0,0,1
133198517905908647,-0.131424,-0.357569,0.924593,0.755032,-0.985805,-0.051158,-0.15991,0.132435,0.104479,-0.932484,-0.34577,0.739007,0,0,0,1
133198517906263904,-0.131647,-0.35838,0.924247,0.754835,-0.985712,-0.0515034,-0.160373,0.132345,0.105076,-0.932154,-0.346479,0.738864,0,0,0,1
133198517906568782,-0.131651,-0.358777,0.924093,0.754681,-0.98568,-0.051708,-0.160501,0.132289,0.105367,-0.93199,-0.346832,0.738811,0,0,0,1
133198517906899611,-0.131655,-0.358618,0.924154,0.754557,-0.985687,-0.051674,-0.160473,0.13232,0.105303,-0.932053,-0.346682,0.738852,0,0,0,1
133198517909208416,-0.132185,-0.357542,0.924495,0.753716,-0.985706,-0.0508696,-0.16061,0.132315,0.104453,-0.932511,-0.345708,0.739405,0,0,0,1
133198517909538598,-0.132197,-0.357503,0.924508,0.753578,-0.985717,-0.0507631,-0.160579,0.132345,0.104339,-0.932531,-0.345686,0.739468,0,0,0,1
133198517909869689,-0.132197,-0.357542,0.924493,0.75343,-0.985712,-0.0507951,-0.160596,0.132312,0.104379,-0.932515,-0.345718,0.739514,0,0,0,1
133198517911850069,-0.131396,-0.359465,0.923861,0.752243,-0.98566,-0.052157,-0.16048,0.132332,0.105873,-0.9317,-0.347457,0.739244,0,0,0,1
133198517912273932,-0.131072,-0.360457,0.923521,0.751983,-0.985696,-0.052164,-0.160256,0.132328,0.10594,-0.931316,-0.348464,0.739149,0,0,0,1
133198517912508407,-0.130858,-0.360976,0.923349,0.751906,-0.985747,-0.0519495,-0.160011,0.13235,0.105727,-0.931127,-0.349033,0.739102,0,0,0,1
133198517912839097,-0.131198,-0.361456,0.923113,0.751832,-0.985774,-0.0511148,-0.160118,0.132437,0.10506,-0.930987,-0.349608,0.739058,0,0,0,1
133198517913168856,-0.131235,-0.361747,0.922993,0.751766,-0.985795,-0.0508159,-0.160081,0.132441,0.104812,-0.93089,-0.34994,0.738975,0,0,0,1
133198517913828844,-0.131572,-0.36196,0.922862,0.751676,-0.985621,-0.0517973,-0.160835,0.132277,0.106017,-0.930754,-0.34994,0.738768,0,0,0,1
133198517914172853,-0.131689,-0.36184,0.922892,0.751649,-0.985528,-0.0524511,-0.161191,0.132177,0.106732,-0.930763,-0.349697,0.738718,0,0,0,1
133198517914492477,-0.131891,-0.361739,0.922903,0.751631,-0.985469,-0.0526758,-0.161479,0.132132,0.107028,-0.93079,-0.349536,0.73875,0,0,0,1
133198517914819223,-0.131448,-0.361511,0.923055,0.751644,-0.98555,-0.0526856,-0.160981,0.132169,0.106828,-0.930878,-0.349361,0.738886,0,0,0,1
133198517915150077,-0.131276,-0.361064,0.923255,0.751702,-0.985653,-0.0521262,-0.160533,0.132303,0.106088,-0.931083,-0.349041,0.739087,0,0,0,1
133198517915479656,-0.131168,-0.360307,0.923566,0.751816,-0.985743,-0.0516324,-0.160141,0.132397,0.105386,-0.931404,-0.348397,0.739312,0,0,0,1
133198517915808953,-0.130882,-0.359512,0.923916,0.751973,-0.985831,-0.0514296,-0.159665,0.132465,0.104918,-0.931722,-0.347686,0.739529,0,0,0,1
133198517916178528,-0.131061,-0.358776,0.924177,0.752131,-0.985851,-0.0511061,-0.159647,0.132501,0.104508,-0.932024,-0.347002,0.739709,0,0,0,1
133198517916469596,-0.13137,-0.358258,0.924334,0.75224,-0.985845,-0.0507723,-0.15979,0.132504,0.104176,-0.932241,-0.346517,0.73984,0,0,0,1
133198517916798392,-0.132261,-0.357496,0.924502,0.752318,-0.985726,-0.050583,-0.16058,0.132443,0.104171,-0.932544,-0.345704,0.739966,0,0,0,1
133198517917129313,-0.133676,-0.356265,0.924774,0.752291,-0.985539,-0.0502579,-0.161821,0.132308,0.104128,-0.933032,-0.344394,0.740069,0,0,0,1
133198517917459632,-0.13496,-0.354605,0.925225,0.752064,-0.985424,-0.0495614,-0.162737,0.13225,0.103563,-0.933702,-0.342748,0.740122,0,0,0,1
133198517917789331,-0.134858,-0.353305,0.925737,0.751601,-0.985447,-0.0497432,-0.162541,0.132288,0.103476,-0.934185,-0.341455,0.740017,0,0,0,1
133198517918155567,-0.133028,-0.352969,0.92613,0.750788,-0.985642,-0.0509241,-0.160985,0.132455,0.103985,-0.934248,-0.341127,0.739696,0,0,0,1
133198517918778265,-0.130367,-0.354024,0.926105,0.749272,-0.985899,-0.052557,-0.158875,0.132697,0.104919,-0.933758,-0.342181,0.7389,0,0,0,1
133198517919438226,-0.128703,-0.354729,0.926069,0.748243,-0.98607,-0.0534379,-0.157511,0.132864,0.105361,-0.933441,-0.34291,0.738221,0,0,0,1
133198517919776013,-0.128011,-0.355358,0.925923,0.748036,-0.986266,-0.0526334,-0.156554,0.133029,0.104367,-0.933247,-0.343739,0.73789,0,0,0,1
133198517921419561,-0.127864,-0.365817,0.921862,0.750221,-0.986612,-0.0479507,-0.155873,0.133116,0.101225,-0.929451,-0.354788,0.736047,0,0,0,1
