133198519148446048,-0.0532242,-0.370749,0.927207,-1.42592,-0.994865,-0.0603632,-0.0812445,0.819725,0.0860905,-0.926769,-0.365632,-1.80791,0,0,0,1
133198519148784884,-0.0536753,-0.371099,0.927041,-1.42589,-0.994765,-0.0609791,-0.0820067,0.819563,0.0869627,-0.926589,-0.365883,-1.8087,0,0,0,1
133198519149216122,-0.0538709,-0.371324,0.926939,-1.42597,-0.994633,-0.062166,-0.0827081,0.819377,0.0883356,-0.92642,-0.365982,-1.80951,0,0,0,1
133198519149588856,-0.0537517,-0.371563,0.926851,-1.42611,-0.994553,-0.0630913,-0.0829701,0.819311,0.0893045,-0.926262,-0.366148,-1.81011,0,0,0,1
133198519149918445,-0.0533962,-0.371903,0.926735,-1.42629,-0.994524,-0.0636824,-0.0828582,0.819358,0.0898319,-0.926085,-0.366466,-1.81057,0,0,0,1
133198519150248076,-0.0523742,-0.372277,0.926643,-1.42639,-0.994553,-0.0642958,-0.0820432,0.81956,0.090122,-0.925892,-0.366882,-1.811,0,0,0,1
133198519150576454,-0.0509019,-0.372702,0.926554,-1.42656,-0.994643,-0.0646594,-0.0806516,0.819744,0.0899695,-0.925696,-0.367414,-1.81121,0,0,0,1
133198519152231243,-0.0504653,-0.372826,0.926528,-1.42685,-0.99471,-0.0643506,-0.080073,0.820188,0.0894759,-0.925667,-0.367606,-1.81149,0,0,0,1
133198519152548369,-0.0515008,-0.373336,0.926266,-1.42685,-0.994622,-0.0642821,-0.0812106,0.820205,0.089861,-0.925467,-0.368017,-1.81118,0,0,0,1
133198519153205447,-0.0508977,-0.373121,0.926385,-1.4266,-0.994997,-0.0609002,-0.0791961,0.820757,0.0859668,-0.925782,-0.368155,-1.80993,0,0,0,1
133198519153524752,-0.0505075,-0.372831,0.926524,-1.42635,-0.995256,-0.058455,-0.0777767,0.821096,0.0831576,-0.926056,-0.36811,-1.80924,0,0,0,1
133198519153844805,-0.0492364,-0.372301,0.926805,-1.426,-0.995564,-0.0561872,-0.0754601,0.821522,0.0801685,-0.926409,-0.367883,-1.80863,0,0,0,1
133198519154192444,-0.0496488,-0.373298,0.926382,-1.42559,-0.995573,-0.0556188,-0.0757696,0.821651,0.079809,-0.926043,-0.368884,-1.80818,0,0,0,1
133198519154502750,-0.0494052,-0.37417,0.926043,-1.4252,-0.995684,-0.0544814,-0.0751342,0.82179,0.0785652,-0.925758,-0.369864,-1.80769,0,0,0,1
133198519154825861,-0.0486338,-0.374525,0.92594,-1.4247,-0.995954,-0.0519488,-0.0733234,0.82203,0.0755629,-0.92576,-0.370484,-1.80722,0,0,0,1
133198519155155577,-0.0511197,-0.376211,0.925123,-1.42425,-0.995794,-0.0513227,-0.0758956,0.821811,0.0760325,-0.925112,-0.372005,-1.80692,0,0,0,1
133198519155814926,-0.0521652,-0.375725,0.925262,-1.42303,-0.995926,-0.0486714,-0.0759133,0.821885,0.0735562,-0.925452,-0.371655,-1.80633,0,0,0,1
133198519156189879,-0.0538563,-0.376678,0.924778,-1.42247,-0.995712,-0.0495054,-0.0781514,0.821652,0.0752192,-0.925021,-0.372396,-1.80631,0,0,0,1
133198519157135510,-0.0546827,-0.375558,0.925184,-1.4204,-0.995679,-0.0491441,-0.0787979,0.821547,0.0750604,-0.925495,-0.371248,-1.80636,0,0,0,1
133198519157455932,-0.0557995,-0.375693,0.925063,-1.41968,-0.995631,-0.0485423,-0.0797705,0.821443,0.0748739,-0.925472,-0.371343,-1.80656,0,0,0,1
133198519157785721,-0.0570431,-0.376028,0.924851,-1.41902,-0.99555,-0.0481715,-0.0809893,0.82128,0.0750057,-0.925355,-0.371608,-1.80688,0,0,0,1
133198519158441594,-0.0548278,-0.375637,0.925144,-1.41757,-0.995669,-0.0491059,-0.0789461,0.821435,0.0750851,-0.925465,-0.371318,-1.80763,0,0,0,1
133198519158780479,-0.05557,-0.375794,0.925036,-1.41682,-0.99563,-0.0487819,-0.0796285,0.821405,0.075049,-0.925418,-0.371441,-1.80807,0,0,0,1
133198519159774061,-0.05319,-0.372382,0.926554,-1.41403,-0.995795,-0.0495217,-0.0770678,0.821607,0.0745833,-0.926757,-0.368182,-1.80918,0,0,0,1
133198519160097732,-0.0540316,-0.372243,0.926561,-1.41324,-0.995738,-0.0493672,-0.0778987,0.821549,0.0747389,-0.926822,-0.367989,-1.80938,0,0,0,1
133198519161085975,-0.0564103,-0.371509,0.926714,-1.4113,-0.996036,-0.0430015,-0.0778689,0.82193,0.0687791,-0.927433,-0.36761,-1.80897,0,0,0,1
133198519161516962,-0.0569301,-0.370906,0.926924,-1.41118,-0.996124,-0.0412556,-0.0776887,0.822228,0.0670561,-0.927753,-0.367119,-1.80863,0,0,0,1
133198519161813984,-0.056026,-0.37053,0.927129,-1.41141,-0.996166,-0.0417465,-0.0768819,0.822442,0.0671914,-0.927882,-0.366771,-1.80841,0,0,0,1
133198519162117569,-0.0543815,-0.370582,0.927207,-1.41185,-0.996206,-0.0430546,-0.0756362,0.822879,0.0679498,-0.927801,-0.366834,-1.80817,0,0,0,1
133198519162433164,-0.0520352,-0.371307,0.92705,-1.41241,-0.996329,-0.0438861,-0.0735016,0.823169,0.0679765,-0.927472,-0.36766,-1.80787,0,0,0,1
133198519162710721,-0.0503523,-0.372275,0.926756,-1.41288,-0.996504,-0.0432187,-0.0715025,0.823488,0.0666717,-0.927116,-0.368797,-1.80754,0,0,0,1
133198519163373468,-0.0490519,-0.374573,0.925899,-1.41377,-0.996979,-0.0375392,-0.0680041,0.824212,0.0602301,-0.926437,-0.3716,-1.80658,0,0,0,1
133198519163703244,-0.0502716,-0.375381,0.925506,-1.41414,-0.997048,-0.0349888,-0.0683491,0.82436,0.0580393,-0.92621,-0.372513,-1.80611,0,0,0,1
133198519164034872,-0.050279,-0.375089,0.925624,-1.41436,-0.997182,-0.0328145,-0.0674635,0.824638,0.0556788,-0.926408,-0.372382,-1.80564,0,0,0,1
133198519164371844,-0.0488032,-0.373575,0.926315,-1.41431,-0.997399,-0.0310262,-0.0650611,0.825034,0.0530453,-0.927081,-0.371089,-1.80525,0,0,0,1
133198519164693798,-0.048193,-0.372168,0.926913,-1.41413,-0.997488,-0.0302918,-0.0640251,0.825165,0.051906,-0.927671,-0.369773,-1.80509,0,0,0,1
133198519165022762,-0.0495038,-0.370536,0.927498,-1.41378,-0.997431,-0.029803,-0.0651429,0.825018,0.0517801,-0.92834,-0.368108,-1.80513,0,0,0,1
133198519165357717,-0.0509498,-0.368122,0.928381,-1.41325,-0.99735,-0.0295897,-0.0664678,0.824763,0.0519387,-0.929307,-0.365639,-1.80538,0,0,0,1
133198519166016363,-0.0587878,-0.365962,0.928771,-1.41234,-0.996702,-0.0306118,-0.0751496,0.823474,0.0559332,-0.930126,-0.362956,-1.80641,0,0,0,1
133198519166346092,-0.0624431,-0.366919,0.928155,-1.41215,-0.996329,-0.0316508,-0.0795418,0.822786,0.0585621,-0.929714,-0.363596,-1.80701,0,0,0,1
133198519166675766,-0.0653428,-0.36855,0.927309,-1.41211,-0.996035,-0.0321333,-0.0829566,0.822197,0.0603711,-0.929052,-0.364989,-1.80747,0,0,0,1
133198519167006090,-0.0681746,-0.3699,0.926567,-1.41213,-0.995806,-0.0315638,-0.0858698,0.821785,0.0610092,-0.928535,-0.366197,-1.80769,0,0,0,1
133198519167333923,-0.0689166,-0.370494,0.926274,-1.41204,-0.99573,-0.0316133,-0.086729,0.821652,0.0614153,-0.928296,-0.366734,-1.80767,0,0,0,1
133198519167666699,-0.0685501,-0.370236,0.926405,-1.41183,-0.995741,-0.0319942,-0.0864673,0.821641,0.0616529,-0.928387,-0.366466,-1.8075,0,0,0,1
133198519167995708,-0.068579,-0.369128,0.926845,-1.4115,-0.995725,-0.0322918,-0.0865359,0.821554,0.0618721,-0.928818,-0.365336,-1.80722,0,0,0,1
133198519168336676,-0.0696006,-0.367497,0.927417,-1.4111,-0.995605,-0.0328151,-0.087721,0.821328,0.0626703,-0.929446,-0.363598,-1.80691,0,0,0,1
133198519168989103,-0.0703306,-0.363541,0.92892,-1.41027,-0.995393,-0.035261,-0.0891632,0.820851,0.0651692,-0.930911,-0.359386,-1.80632,0,0,0,1
133198519169312851,-0.0711596,-0.361908,0.929494,-1.40989,-0.995273,-0.0359744,-0.0902027,0.82061,0.0660832,-0.931519,-0.357637,-1.80602,0,0,0,1
133198519169644010,-0.0719901,-0.360977,0.929792,-1.40957,-0.995192,-0.0360773,-0.0910603,0.820425,0.066415,-0.931876,-0.356644,-1.80567,0,0,0,1
133198519169972589,-0.0729698,-0.360636,0.929848,-1.4093,-0.995135,-0.0355558,-0.0918832,0.820284,0.0661978,-0.932029,-0.356287,-1.80529,0,0,0,1
133198519170309996,-0.074337,-0.36053,0.929781,-1.40908,-0.995074,-0.0345036,-0.0929364,0.820203,0.0655872,-0.932109,-0.356189,-1.80486,0,0,0,1
133198519170632696,-0.0751419,-0.360763,0.929626,-1.40892,-0.995028,-0.0339923,-0.0936199,0.82017,0.0653747,-0.932038,-0.356415,-1.80451,0,0,0,1
133198519170966214,-0.0748231,-0.361045,0.929542,-1.40884,-0.995026,-0.0344323,-0.0934685,0.820177,0.0657527,-0.931912,-0.356673,-1.80423,0,0,0,1
133198519171626979,-0.0735409,-0.361639,0.929413,-1.4086,-0.995021,-0.0362501,-0.0928374,0.820145,0.067265,-0.931613,-0.357173,-1.80377,0,0,0,1
133198519171952686,-0.0733594,-0.362036,0.929273,-1.40844,-0.995015,-0.0365525,-0.0927895,0.820125,0.0675604,-0.931447,-0.35755,-1.80351,0,0,0,1
133198519172283592,-0.0737045,-0.362258,0.929159,-1.40823,-0.994998,-0.0362763,-0.0930705,0.820094,0.067422,-0.931372,-0.357773,-1.80321,0,0,0,1
133198519172625282,-0.0739343,-0.361987,0.929247,-1.40794,-0.99501,-0.0358223,-0.0931214,0.820095,0.0669965,-0.931495,-0.357532,-1.80285,0,0,0,1
133198519173605135,-0.0735791,-0.361617,0.929419,-1.40769,-0.995066,-0.035569,-0.0926155,0.821306,0.0665498,-0.931648,-0.357215,-1.80864,0,0,0,1
133198519173934262,-0.0734091,-0.362153,0.929224,-1.40776,-0.995095,-0.0353482,-0.0923895,0.821374,0.0663054,-0.931448,-0.357782,-1.80859,0,0,0,1
133198519174594706,-0.0719239,-0.364262,0.928515,-1.40846,-0.995157,-0.0363286,-0.091338,0.821377,0.0670026,-0.930588,-0.359885,-1.80793,0,0,0,1
133198519175306902,-0.0718275,-0.366422,0.927672,-1.40999,-0.995134,-0.036569,-0.0914952,0.821314,0.0674498,-0.92973,-0.362012,-1.80758,0,0,0,1
133198519175604013,-0.0720947,-0.366395,0.927662,-1.41074,-0.995113,-0.0364985,-0.0917522,0.821077,0.0674758,-0.929743,-0.361973,-1.80612,0,0,0,1
133198519175912571,-0.0726285,-0.365661,0.92791,-1.41154,-0.995088,-0.0361812,-0.0921444,0.820623,0.0672665,-0.930045,-0.361237,-1.80357,0,0,0,1
133198519176246165,-0.0729632,-0.364483,0.928347,-1.41259,-0.995067,-0.0361315,-0.092393,0.82035,0.0672183,-0.930509,-0.360048,-1.8021,0,0,0,1
133198519177233047,-0.0744069,-0.361968,0.929216,-1.41639,-0.994834,-0.0375777,-0.0942994,0.819954,0.0690512,-0.931433,-0.357303,-1.80227,0,0,0,1
133198519177565491,-0.0750722,-0.361299,0.929423,-1.41783,-0.994681,-0.0387828,-0.0954193,0.819719,0.0705205,-0.931643,-0.356466,-1.80234,0,0,0,1
133198519177893919,-0.075386,-0.360566,0.929682,-1.41926,-0.994562,-0.0399981,-0.0961598,0.819548,0.0718574,-0.931876,-0.35559,-1.8023,0,0,0,1
133198519178553709,-0.0766605,-0.358622,0.93033,-1.42198,-0.994309,-0.041729,-0.0980181,0.819178,0.0739732,-0.93255,-0.353382,-1.80174,0,0,0,1
133198519178882198,-0.0773778,-0.35763,0.930652,-1.42321,-0.994185,-0.0424464,-0.0989713,0.81904,0.074898,-0.932898,-0.352266,-1.80124,0,0,0,1
133198519179220335,-0.0772245,-0.356602,0.931059,-1.42435,-0.994181,-0.0427983,-0.098852,0.819095,0.0750984,-0.933276,-0.351222,-1.80059,0,0,0,1
133198519179544154,-0.0759645,-0.356296,0.93128,-1.42534,-0.994249,-0.0436387,-0.0977963,0.819229,0.0754841,-0.933354,-0.350932,-1.7999,0,0,0,1
133198519179872571,-0.0760731,-0.356014,0.931379,-1.42616,-0.994224,-0.0438408,-0.0979641,0.819335,0.075709,-0.933452,-0.350622,-1.79913,0,0,0,1
133198519180206131,-0.0765126,-0.355711,0.931459,-1.42677,-0.994221,-0.0433395,-0.0982185,0.819501,0.0753063,-0.933591,-0.350339,-1.79831,0,0,0,1
133198519180534146,-0.0764705,-0.355438,0.931566,-1.42717,-0.99427,-0.0428141,-0.0979533,0.819743,0.0747006,-0.933719,-0.350128,-1.79752,0,0,0,1
133198519180865928,-0.0756158,-0.355256,0.931706,-1.42735,-0.994409,-0.0422049,-0.096797,0.820102,0.0737101,-0.933816,-0.350078,-1.79684,0,0,0,1
133198519181194221,-0.0744935,-0.355247,0.9318,-1.42728,-0.994564,-0.0417068,-0.0954118,0.820454,0.0727571,-0.933842,-0.350209,-1.79633,0,0,0,1
133198519181526723,-0.0736711,-0.355529,0.931757,-1.42698,-0.994677,-0.0413024,-0.0944055,0.820696,0.0720478,-0.933752,-0.350594,-1.79596,0,0,0,1
133198519183173757,-0.0729053,-0.359375,0.930341,-1.42402,-0.995099,-0.0362804,-0.0919941,0.821506,0.0668134,-0.932488,-0.354969,-1.7968,0,0,0,1
133198519183502437,-0.072011,-0.361121,0.929734,-1.42354,-0.995133,-0.0368514,-0.0913901,0.821515,0.067265,-0.93179,-0.35671,-1.79735,0,0,0,1
133198519183833546,-0.0713553,-0.363458,0.928874,-1.42313,-0.995106,-0.037874,-0.091263,0.8214,0.0683504,-0.93084,-0.358977,-1.7979,0,0,0,1
133198519184208910,-0.0720102,-0.365749,0.927924,-1.42276,-0.994984,-0.0384272,-0.0923608,0.821156,0.0694385,-0.92992,-0.361147,-1.79834,0,0,0,1
133198519184511622,-0.0731307,-0.366873,0.927392,-1.42254,-0.994864,-0.0384206,-0.0936504,0.820941,0.0699888,-0.929477,-0.362179,-1.79844,0,0,0,1
133198519184827649,-0.0737411,-0.366898,0.927334,-1.4224,-0.99482,-0.0381696,-0.0942095,0.820858,0.0699614,-0.929478,-0.362182,-1.79827,0,0,0,1
133198519185157934,-0.072885,-0.365466,0.927967,-1.42236,-0.994937,-0.0379084,-0.0930747,0.821028,0.0691934,-0.930053,-0.360853,-1.7978,0,0,0,1
133198519186201086,-0.0660434,-0.355739,0.932249,-1.42248,-0.995593,-0.0388421,-0.085353,0.822162,0.0665741,-0.933778,-0.351606,-1.7956,0,0,0,1
133198519186472128,-0.0645182,-0.353494,0.933209,-1.42249,-0.995719,-0.0392261,-0.0836986,0.822377,0.0661933,-0.934614,-0.34945,-1.79509,0,0,0,1
133198519186802083,-0.0635793,-0.351452,0.934045,-1.42245,-0.995785,-0.0396583,-0.0827042,0.822502,0.0661092,-0.935366,-0.347449,-1.7946,0,0,0,1
133198519187138862,-0.0632627,-0.350149,0.934556,-1.42233,-0.995805,-0.0398922,-0.082355,0.822543,0.0661178,-0.935844,-0.346156,-1.7942,0,0,0,1
133198519187461781,-0.0634758,-0.349295,0.93486,-1.42212,-0.995791,-0.0398937,-0.0825185,0.822487,0.0661184,-0.936163,-0.345292,-1.79389,0,0,0,1
133198519187796272,-0.0641093,-0.348809,0.934999,-1.42185,-0.995748,-0.0397559,-0.0831057,0.822363,0.0661596,-0.936351,-0.344777,-1.79366,0,0,0,1
133198519188124430,-0.0651889,-0.348495,0.935041,-1.42154,-0.995674,-0.0394586,-0.0841225,0.82217,0.0662116,-0.93648,-0.344415,-1.79354,0,0,0,1
133198519188457444,-0.0668781,-0.348329,0.934984,-1.42122,-0.995535,-0.0392745,-0.0858408,0.821891,0.0666217,-0.936549,-0.344147,-1.79349,0,0,0,1
133198519188788348,-0.0684595,-0.348239,0.934903,-1.42094,-0.995388,-0.0392807,-0.0875201,0.821633,0.0672015,-0.936582,-0.343944,-1.79352,0,0,0,1
133198519189118876,-0.0695379,-0.348291,0.934804,-1.42081,-0.995243,-0.0398734,-0.0888895,0.821439,0.068233,-0.936539,-0.343861,-1.79364,0,0,0,1
133198519189446440,-0.0699097,-0.348543,0.934682,-1.42084,-0.995175,-0.0402913,-0.0894589,0.821373,0.0688398,-0.936426,-0.344045,-1.7938,0,0,0,1
133198519189776830,-0.0695655,-0.348816,0.934606,-1.421,-0.995181,-0.040627,-0.0892373,0.821417,0.0690977,-0.93631,-0.344309,-1.79398,0,0,0,1
133198519190101265,-0.068874,-0.349097,0.934552,-1.42137,-0.995173,-0.0415992,-0.0888808,0.82127,0.0699046,-0.936163,-0.344547,-1.78807,0,0,0,1
133198519190437446,-0.0679916,-0.349854,0.934334,-1.42177,-0.995163,-0.0427811,-0.0884372,0.821291,0.0709119,-0.935827,-0.345253,-1.78842,0,0,0,1
133198519190763079,-0.0671651,-0.350907,0.933999,-1.42224,-0.995136,-0.0440533,-0.0881124,0.821265,0.0720648,-0.935374,-0.346242,-1.78899,0,0,0,1
133198519191093718,-0.0663942,-0.352306,0.933527,-1.42279,-0.995106,-0.0452452,-0.0878491,0.821257,0.0731874,-0.93479,-0.347578,-1.78997,0,0,0,1
133198519191421769,-0.0654471,-0.354004,0.932951,-1.42335,-0.995079,-0.0465467,-0.0874677,0.821288,0.07439,-0.934085,-0.349215,-1.79234,0,0,0,1
133198519193142654,-0.0633316,-0.358402,0.931417,-1.42504,-0.995242,-0.0465618,-0.0855882,0.821506,0.0740435,-0.932405,-0.353748,-1.79202,0,0,0,1
133198519193459340,-0.0635226,-0.358561,0.931343,-1.42505,-0.995278,-0.0458745,-0.0855447,0.821573,0.0733978,-0.932379,-0.353953,-1.7935,0,0,0,1
133198519193783416,-0.0640788,-0.358377,0.931375,-1.42498,-0.995288,-0.0450983,-0.0858292,0.821541,0.0727628,-0.932487,-0.353799,-1.79305,0,0,0,1
133198519194123818,-0.0651197,-0.357874,0.931496,-1.42482,-0.995265,-0.0442111,-0.0865637,0.821474,0.0721617,-0.932722,-0.3533,-1.79262,0,0,0,1
133198519194441627,-0.0660229,-0.357318,0.931646,-1.42464,-0.995235,-0.0435543,-0.0872338,0.821404,0.0717473,-0.932967,-0.35274,-1.7923,0,0,0,1
133198519194777859,-0.0668828,-0.357065,0.931682,-1.42447,-0.99518,-0.0432466,-0.0880155,0.821287,0.0717194,-0.933078,-0.352451,-1.79206,0,0,0,1
133198519195100684,-0.0678816,-0.35712,0.931589,-1.42436,-0.995094,-0.043125,-0.089041,0.821139,0.0719732,-0.933062,-0.35244,-1.7919,0,0,0,1
133198519195437936,-0.0690324,-0.357346,0.931417,-1.42431,-0.994974,-0.0432218,-0.0903257,0.820941,0.0725354,-0.932971,-0.352566,-1.79179,0,0,0,1
133198519195776394,-0.0697787,-0.357503,0.931302,-1.42431,-0.994885,-0.0434172,-0.0912093,0.820795,0.073042,-0.932902,-0.352644,-1.79173,0,0,0,1
133198519198695496,-0.0679744,-0.354169,0.932708,-1.42603,-0.994935,-0.0453261,-0.0897207,0.820972,0.0740523,-0.934082,-0.349295,-1.79078,0,0,0,1
133198519199031571,-0.0672407,-0.354854,0.9325,-1.42653,-0.994981,-0.0455728,-0.0890883,0.82107,0.0741098,-0.93381,-0.350009,-1.79072,0,0,0,1
133198519199359121,-0.0659947,-0.35536,0.932397,-1.427,-0.995102,-0.0454855,-0.0877689,0.821251,0.0736002,-0.933622,-0.350617,-1.79057,0,0,0,1
133198519199688110,-0.0648847,-0.355126,0.932564,-1.42737,-0.995249,-0.0449526,-0.086364,0.821475,0.0725912,-0.933737,-0.350522,-1.79031,0,0,0,1
133198519200664841,-0.0638213,-0.352653,0.933575,-1.42803,-0.995468,-0.0435885,-0.0845177,0.82183,0.0704986,-0.934738,-0.348274,-1.78942,0,0,0,1
133198519202647263,-0.0643413,-0.352412,0.933631,-1.42944,-0.995514,-0.0423732,-0.0846003,0.821836,0.069375,-0.934885,-0.348104,-1.78888,0,0,0,1
133198519202972319,-0.0643258,-0.352401,0.933636,-1.42973,-0.995503,-0.0425361,-0.0846437,0.821824,0.0695419,-0.934882,-0.34808,-1.7889,0,0,0,1
133198519203302003,-0.0642028,-0.352549,0.933589,-1.43005,-0.995483,-0.0429395,-0.0846742,0.821796,0.0699395,-0.934808,-0.3482,-1.78897,0,0,0,1
133198519203636731,-0.0642145,-0.352866,0.933468,-1.43039,-0.995453,-0.0432994,-0.0848464,0.821752,0.0703581,-0.934671,-0.348481,-1.78909,0,0,0,1
133198519203965172,-0.0641606,-0.353214,0.93334,-1.43075,-0.995424,-0.0437126,-0.0849709,0.8217,0.0708115,-0.934521,-0.348794,-1.78919,0,0,0,1
133198519204295569,-0.064046,-0.353315,0.933309,-1.43109,-0.995403,-0.0441167,-0.085008,0.821672,0.0712093,-0.934464,-0.348865,-1.78931,0,0,0,1
133198519204630199,-0.0637163,-0.353523,0.933253,-1.43143,-0.995389,-0.0446762,-0.084882,0.821682,0.0717019,-0.934358,-0.349046,-1.7894,0,0,0,1
133198519204953626,-0.0635999,-0.353737,0.93318,-1.43176,-0.995411,-0.0445079,-0.0847125,0.821733,0.0714997,-0.934286,-0.349283,-1.78946,0,0,0,1
133198519205291023,-0.0634968,-0.353631,0.933227,-1.43205,-0.995443,-0.0442168,-0.0844854,0.821804,0.071141,-0.934339,-0.349211,-1.78951,0,0,0,1
133198519205617293,-0.063074,-0.353361,0.933358,-1.4323,-0.995423,-0.0450082,-0.0843079,0.821785,0.0717999,-0.934404,-0.348905,-1.78958,0,0,0,1
133198519205944761,-0.062869,-0.353184,0.933439,-1.43253,-0.995375,-0.0458802,-0.0844002,0.821706,0.0726352,-0.934428,-0.348666,-1.78966,0,0,0,1
133198519206277403,-0.0634162,-0.353271,0.933369,-1.43277,-0.995283,-0.0464122,-0.0851894,0.821596,0.0734146,-0.934369,-0.348662,-1.78973,0,0,0,1
133198519206603609,-0.0639081,-0.353651,0.933192,-1.43304,-0.995211,-0.0467193,-0.0858607,0.821469,0.0739629,-0.93421,-0.348971,-1.78976,0,0,0,1
133198519206938666,-0.0639628,-0.354101,0.933017,-1.4333,-0.995193,-0.0468469,-0.0860047,0.821423,0.0741633,-0.934033,-0.349402,-1.78971,0,0,0,1
133198519207263500,-0.0641024,-0.354166,0.932983,-1.4335,-0.995222,-0.0463057,-0.0859564,0.821457,0.0736451,-0.934036,-0.349505,-1.78954,0,0,0,1
133198519207595329,-0.0644466,-0.353778,0.933107,-1.43366,-0.995246,-0.0456405,-0.0860422,0.821482,0.0730272,-0.934215,-0.349155,-1.78928,0,0,0,1
133198519207932596,-0.0645325,-0.353024,0.933386,-1.43379,-0.995272,-0.0452656,-0.0859315,0.821482,0.0725861,-0.934519,-0.348433,-1.78902,0,0,0,1
133198519208915533,-0.0649911,-0.351053,0.934097,-1.43405,-0.995296,-0.0445886,-0.0860063,0.821477,0.0718428,-0.935293,-0.346504,-1.78836,0,0,0,1
133198519209245485,-0.0652248,-0.351078,0.934072,-1.43417,-0.995273,-0.0446107,-0.086266,0.821427,0.0719559,-0.935283,-0.346508,-1.78826,0,0,0,1
133198519209574515,-0.0653003,-0.351214,0.934016,-1.43428,-0.995257,-0.0447137,-0.0863952,0.821373,0.0721064,-0.935227,-0.346628,-1.78821,0,0,0,1
133198519209906953,-0.0655112,-0.351375,0.93394,-1.43436,-0.99523,-0.0447962,-0.086664,0.821291,0.0722884,-0.935163,-0.346764,-1.78819,0,0,0,1
133198519210235309,-0.0658325,-0.351436,0.933895,-1.43442,-0.995201,-0.0447792,-0.0870051,0.821229,0.0723958,-0.93514,-0.346801,-1.78817,0,0,0,1
133198519210566278,-0.0658715,-0.351348,0.933925,-1.43448,-0.995183,-0.0449653,-0.0871086,0.821204,0.0725997,-0.935164,-0.346694,-1.78819,0,0,0,1
133198519210909913,-0.0656047,-0.351234,0.933987,-1.43451,-0.995186,-0.0452651,-0.0869254,0.821208,0.072808,-0.935193,-0.346574,-1.78821,0,0,0,1
133198519211227323,-0.0654275,-0.35127,0.933985,-1.43453,-0.995184,-0.0454963,-0.0868256,0.8212,0.0729921,-0.935168,-0.346601,-1.78823,0,0,0,1
133198519212217834,-0.0662127,-0.352226,0.93357,-1.43429,-0.99515,-0.0449079,-0.0875233,0.821112,0.0727526,-0.934837,-0.347544,-1.78849,0,0,0,1
133198519212542370,-0.0666342,-0.352265,0.933525,-1.43412,-0.995117,-0.0448129,-0.0879408,0.821082,0.0728125,-0.934827,-0.347559,-1.78865,0,0,0,1
133198519212875366,-0.0668592,-0.35236,0.933473,-1.43394,-0.99513,-0.0443709,-0.0880241,0.821104,0.0724353,-0.934812,-0.347677,-1.78892,0,0,0,1
133198519213209026,-0.0668774,-0.352831,0.933294,-1.4338,-0.995102,-0.0446656,-0.0881922,0.821086,0.072803,-0.934621,-0.348115,-1.78936,0,0,0,1
133198519213532521,-0.0665613,-0.354013,0.932869,-1.4337,-0.995009,-0.0461134,-0.0884944,0.820973,0.0743457,-0.934103,-0.349177,-1.78993,0,0,0,1
133198519214526787,-0.0669965,-0.359086,0.930897,-1.43303,-0.994697,-0.0489337,-0.090464,0.820601,0.0780367,-0.932021,-0.353904,-1.79138,0,0,0,1
133198519214855497,-0.0671501,-0.359937,0.930557,-1.43258,-0.994674,-0.0489424,-0.090708,0.820566,0.0781931,-0.931692,-0.354733,-1.79154,0,0,0,1
133198519215186127,-0.0676923,-0.359631,0.930636,-1.43193,-0.994694,-0.0480983,-0.0909385,0.820606,0.0774664,-0.931854,-0.354467,-1.79152,0,0,0,1
133198519215517527,-0.0685499,-0.358465,0.931023,-1.43117,-0.994696,-0.0471737,-0.091401,0.820613,0.076684,-0.93235,-0.35333,-1.79139,0,0,0,1
133198519215846139,-0.0693308,-0.357298,0.931414,-1.43039,-0.994714,-0.0461323,-0.0917394,0.820653,0.0757465,-0.93285,-0.352211,-1.79131,0,0,0,1
133198519216196028,-0.0696348,-0.357072,0.931478,-1.42966,-0.994766,-0.0451442,-0.0916715,0.820741,0.0747841,-0.932985,-0.352059,-1.79141,0,0,0,1
133198519216838623,-0.0696629,-0.359773,0.930436,-1.42855,-0.994783,-0.0446253,-0.091736,0.820837,0.074525,-0.931972,-0.354787,-1.79215,0,0,0,1
133198519217165856,-0.0692225,-0.361782,0.929689,-1.42805,-0.994728,-0.0456438,-0.0918273,0.820779,0.0756562,-0.931144,-0.356715,-1.79269,0,0,0,1
133198519217823846,-0.0704581,-0.36386,0.928785,-1.42689,-0.994484,-0.0469067,-0.0938184,0.820458,0.0777032,-0.930272,-0.358548,-1.79338,0,0,0,1
133198519218203758,-0.0722165,-0.363022,0.928978,-1.4261,-0.994396,-0.0459006,-0.0952386,0.820279,0.0772142,-0.93065,-0.357673,-1.7934,0,0,0,1
133198519218482002,-0.0738528,-0.361736,0.929351,-1.42559,-0.994368,-0.0443227,-0.0962712,0.820218,0.0760159,-0.931227,-0.356425,-1.7933,0,0,0,1
133198519219152542,-0.0742205,-0.358635,0.930523,-1.4247,-0.994316,-0.0448189,-0.0965821,0.820153,0.0763424,-0.932402,-0.35327,-1.79326,0,0,0,1
133198519219473673,-0.0752313,-0.356593,0.931226,-1.4244,-0.994195,-0.0452139,-0.0976319,0.820007,0.076919,-0.933165,-0.351122,-1.79319,0,0,0,1
133198519219809485,-0.0748241,-0.354646,0.932002,-1.42414,-0.994179,-0.0461307,-0.0973696,0.819949,0.0775257,-0.933862,-0.34913,-1.79307,0,0,0,1
133198519220197323,-0.0745022,-0.352468,0.932853,-1.42385,-0.994244,-0.0459759,-0.0967768,0.819954,0.0769997,-0.934694,-0.347014,-1.79284,0,0,0,1
133198519220461931,-0.0750012,-0.351284,0.93326,-1.42366,-0.994302,-0.0447531,-0.096752,0.820023,0.0757535,-0.935199,-0.345926,-1.79266,0,0,0,1
133198519220794309,-0.0745115,-0.350482,0.933601,-1.42352,-0.994517,-0.0427635,-0.0954272,0.820322,0.0733696,-0.935593,-0.345374,-1.79245,0,0,0,1
133198519221125485,-0.0730278,-0.349772,0.933984,-1.4234,-0.994851,-0.0404434,-0.092933,0.820769,0.070279,-0.935961,-0.345018,-1.79226,0,0,0,1
133198519221456149,-0.0703853,-0.349062,0.934453,-1.42325,-0.995245,-0.0386633,-0.0894068,0.821311,0.0673374,-0.936302,-0.344681,-1.79218,0,0,0,1
133198519222114704,-0.0668339,-0.349833,0.934425,-1.42274,-0.995888,-0.0340173,-0.0839654,0.822268,0.0611605,-0.936194,-0.346121,-1.79254,0,0,0,1
133198519222442216,-0.0658221,-0.352413,0.933527,-1.42242,-0.99601,-0.0332909,-0.0827955,0.822534,0.0602562,-0.935252,-0.348816,-1.79322,0,0,0,1
133198519222776468,-0.0636091,-0.356258,0.93222,-1.4219,-0.996078,-0.0349082,-0.081307,0.822591,0.0615084,-0.933735,-0.352641,-1.79416,0,0,0,1
133198519223102407,-0.0632025,-0.359835,0.930873,-1.42102,-0.995927,-0.0373533,-0.0820584,0.822306,0.0642985,-0.932268,-0.356009,-1.79506,0,0,0,1
133198519223436241,-0.0655125,-0.36218,0.929803,-1.41977,-0.99565,-0.0381356,-0.0850066,0.821827,0.0662462,-0.931328,-0.358107,-1.79567,0,0,0,1
133198519223763263,-0.0694654,-0.362819,0.929267,-1.41832,-0.995283,-0.038033,-0.0892496,0.821348,0.0677242,-0.931083,-0.358465,-1.79596,0,0,0,1
133198519224092393,-0.0696223,-0.363021,0.929176,-1.4169,-0.995227,-0.0385678,-0.0896395,0.821209,0.0683773,-0.930982,-0.358604,-1.79598,0,0,0,1
133198519224422494,-0.0701162,-0.362232,0.929447,-1.4155,-0.995276,-0.0373194,-0.0896266,0.821252,0.0671521,-0.931341,-0.357904,-1.79571,0,0,0,1
133198519224752880,-0.0701034,-0.361195,0.929851,-1.41422,-0.995376,-0.036033,-0.0890406,0.821439,0.0656666,-0.931793,-0.356999,-1.79535,0,0,0,1
133198519225084465,-0.067717,-0.361155,0.930044,-1.41311,-0.995659,-0.0351942,-0.0861611,0.821809,0.0638497,-0.931841,-0.357204,-1.795,0,0,0,1
133198519225413494,-0.0673083,-0.361011,0.93013,-1.41206,-0.995869,-0.0326424,-0.0847348,0.822177,0.0609518,-0.93199,-0.357322,-1.79463,0,0,0,1
133198519225747786,-0.0661333,-0.36148,0.930031,-1.4111,-0.996053,-0.0313873,-0.0830276,0.822507,0.0592041,-0.931851,-0.357978,-1.79429,0,0,0,1
133198519226075923,-0.0642879,-0.362687,0.929691,-1.41023,-0.996248,-0.0307635,-0.0808918,0.822748,0.057939,-0.931403,-0.359349,-1.79389,0,0,0,1
133198519226732681,-0.0695682,-0.362598,0.929345,-1.40839,-0.995932,-0.0282352,-0.0855689,0.822284,0.0572673,-0.931518,-0.359159,-1.79241,0,0,0,1
133198519227068177,-0.0721978,-0.36114,0.929712,-1.40756,-0.995759,-0.0271982,-0.0878917,0.82192,0.0570277,-0.932115,-0.357645,-1.79126,0,0,0,1
133198519227397929,-0.0730267,-0.359429,0.93031,-1.40694,-0.995811,-0.0251857,-0.0878989,0.821834,0.055024,-0.932832,-0.356085,-1.78994,0,0,0,1
133198519227725489,-0.0739667,-0.358423,0.930624,-1.40664,-0.995893,-0.0223043,-0.0877448,0.821861,0.0522068,-0.933293,-0.355301,-1.78866,0,0,0,1
133198519228385154,-0.0760186,-0.35532,0.931648,-1.40677,-0.99593,-0.0183196,-0.0882505,0.821952,0.0484247,-0.934565,-0.352481,-1.78635,0,0,0,1
133198519228713129,-0.074783,-0.351987,0.933013,-1.40708,-0.996079,-0.0179844,-0.0866225,0.822193,0.0472695,-0.935832,-0.349262,-1.78539,0,0,0,1
133198519229045105,-0.0731817,-0.348542,0.934432,-1.40758,-0.996196,-0.0189015,-0.0850692,0.82234,0.0473124,-0.937102,-0.345833,-1.78463,0,0,0,1
133198519229376435,-0.0725559,-0.345329,0.935673,-1.40827,-0.996174,-0.0207249,-0.0848965,0.822248,0.048709,-0.938253,-0.342504,-1.78407,0,0,0,1
133198519229701728,-0.0730008,-0.342544,0.936661,-1.40913,-0.996056,-0.0224588,-0.0858431,0.821971,0.0504413,-0.939233,-0.339554,-1.78367,0,0,0,1
133198519230033222,-0.0742298,-0.341008,0.937125,-1.41024,-0.995912,-0.0231501,-0.0873105,0.821676,0.0514682,-0.939775,-0.337896,-1.78343,0,0,0,1
133198519230367783,-0.0747346,-0.341286,0.936984,-1.41164,-0.99584,-0.0235714,-0.0880144,0.821513,0.052124,-0.939664,-0.338105,-1.78336,0,0,0,1
133198519230693152,-0.0735617,-0.342262,0.936721,-1.41311,-0.995915,-0.0241129,-0.0870202,0.821566,0.0523706,-0.939296,-0.33909,-1.78336,0,0,0,1
133198519231021291,-0.0717714,-0.342836,0.93665,-1.41454,-0.996035,-0.0248591,-0.0854206,0.821722,0.0525694,-0.939067,-0.339692,-1.78337,0,0,0,1
133198519231358328,-0.0703938,-0.343107,0.936655,-1.41602,-0.99605,-0.0267667,-0.0846627,0.821744,0.0541196,-0.938915,-0.339867,-1.78336,0,0,0,1
133198519231691032,-0.0680929,-0.343326,0.936745,-1.41747,-0.996112,-0.0292065,-0.0831126,0.821804,0.0558935,-0.938762,-0.340002,-1.7833,0,0,0,1
133198519232012145,-0.0647813,-0.343409,0.936949,-1.41876,-0.996293,-0.031,-0.0802461,0.822034,0.0566024,-0.938675,-0.340128,-1.78316,0,0,0,1
133198519232372236,-0.0618819,-0.343513,0.937107,-1.42009,-0.99648,-0.0319395,-0.0775104,0.822309,0.0565564,-0.938605,-0.340327,-1.78289,0,0,0,1
133198519232673544,-0.0604975,-0.343267,0.937288,-1.42108,-0.996602,-0.0318104,-0.075976,0.822529,0.0558954,-0.938699,-0.340176,-1.78257,0,0,0,1
133198519233011673,-0.0585589,-0.342118,0.937831,-1.42195,-0.996824,-0.0307599,-0.0734633,0.822933,0.0539806,-0.939154,-0.33923,-1.78214,0,0,0,1
133198519233332301,-0.056334,-0.340533,0.938543,-1.4226,-0.997071,-0.0295116,-0.0705549,0.82338,0.0517242,-0.939769,-0.337874,-1.78177,0,0,0,1
133198519233997967,-0.0526203,-0.337749,0.939765,-1.42353,-0.997335,-0.0298638,-0.0665765,0.824006,0.0505508,-0.940763,-0.335277,-1.78147,0,0,0,1
133198519234324565,-0.051425,-0.336498,0.940279,-1.42369,-0.997373,-0.0307961,-0.0655682,0.824161,0.0510203,-0.941181,-0.334031,-1.78153,0,0,0,1
133198519234653694,-0.0505998,-0.335708,0.940606,-1.42368,-0.99736,-0.0321194,-0.0651167,0.824169,0.052072,-0.941418,-0.333196,-1.78167,0,0,0,1
133198519234981510,-0.0516719,-0.335523,0.940614,-1.42349,-0.997237,-0.0330002,-0.0665539,0.823986,0.0533709,-0.941454,-0.33289,-1.78185,0,0,0,1
133198519235596725,-0.0540588,-0.336028,0.940299,-1.42269,-0.997037,-0.0334461,-0.0692731,0.823664,0.0547271,-0.941258,-0.333225,-1.7821,0,0,0,1
133198519236279841,-0.0559201,-0.335381,0.940421,-1.42156,-0.996975,-0.0321629,-0.0707534,0.823684,0.0539761,-0.941533,-0.332568,-1.78207,0,0,0,1
133198519236586378,-0.0561522,-0.334214,0.940823,-1.42098,-0.99693,-0.0327268,-0.0711265,0.823703,0.0545614,-0.941929,-0.33135,-1.78198,0,0,0,1
133198519236882076,-0.0559641,-0.333039,0.941251,-1.42038,-0.996919,-0.0332532,-0.0710398,0.823753,0.0549585,-0.942326,-0.330153,-1.78193,0,0,0,1
133198519237169950,-0.0561858,-0.33241,0.94146,-1.41983,-0.996879,-0.0336968,-0.0713913,0.823761,0.0554556,-0.942533,-0.329479,-1.78192,0,0,0,1
133198519237475648,-0.056417,-0.332342,0.94147,-1.41925,-0.996844,-0.0339917,-0.0717346,0.823777,0.0558426,-0.942546,-0.329375,-1.78191,0,0,0,1
133198519237813275,-0.0570673,-0.332833,0.941257,-1.41865,-0.996781,-0.0341876,-0.0725226,0.823731,0.0563172,-0.942366,-0.329811,-1.78191,0,0,0,1
133198519238186324,-0.0582058,-0.333359,0.941002,-1.41794,-0.996732,-0.0334883,-0.0735166,0.823706,0.0560198,-0.942205,-0.33032,-1.78185,0,0,0,1
133198519238797873,-0.0596411,-0.333135,0.940991,-1.41683,-0.996651,-0.0329502,-0.0748342,0.823611,0.0559357,-0.942303,-0.330055,-1.78157,0,0,0,1
133198519239127129,-0.0604118,-0.332211,0.941268,-1.41623,-0.9966,-0.0328459,-0.0755559,0.823507,0.0560173,-0.942633,-0.329098,-1.78137,0,0,0,1
133198519239465308,-0.0616615,-0.331509,0.941435,-1.41569,-0.996503,-0.032843,-0.0768332,0.82335,0.0563903,-0.94288,-0.328324,-1.78119,0,0,0,1
133198519239790808,-0.0624509,-0.331026,0.941553,-1.41528,-0.996445,-0.0327694,-0.077613,0.823254,0.0565462,-0.943052,-0.327802,-1.78104,0,0,0,1
133198519240121214,-0.0626777,-0.330559,0.941702,-1.41489,-0.996417,-0.0329589,-0.0778887,0.823243,0.0567842,-0.94321,-0.327309,-1.78089,0,0,0,1
133198519240452096,-0.0629838,-0.330127,0.941833,-1.41457,-0.996377,-0.0332458,-0.0782845,0.823241,0.0571558,-0.943351,-0.326837,-1.78078,0,0,0,1
133198519240784036,-0.0629902,-0.329563,0.94203,-1.41427,-0.996373,-0.0333486,-0.0782906,0.823278,0.057217,-0.943545,-0.326267,-1.78068,0,0,0,1
133198519241106739,-0.0625199,-0.329136,0.942211,-1.414,-0.9964,-0.0335696,-0.0778421,0.823371,0.0572502,-0.943686,-0.325853,-1.78061,0,0,0,1
133198519241437817,-0.0618412,-0.328813,0.942368,-1.4137,-0.99645,-0.033691,-0.0771459,0.823509,0.057116,-0.943794,-0.325562,-1.78058,0,0,0,1
133198519241771043,-0.0615907,-0.328902,0.942353,-1.41341,-0.996457,-0.0339117,-0.076963,0.823595,0.0572703,-0.943755,-0.325648,-1.78061,0,0,0,1
133198519242106026,-0.0615401,-0.329042,0.942308,-1.41305,-0.996475,-0.0336782,-0.0768375,0.823686,0.0570179,-0.943715,-0.325809,-1.78065,0,0,0,1
133198519242429831,-0.0614778,-0.328896,0.942363,-1.41269,-0.996506,-0.0332601,-0.0766179,0.823794,0.0565422,-0.94378,-0.325702,-1.78068,0,0,0,1
133198519242777944,-0.0614724,-0.328513,0.942497,-1.41231,-0.996515,-0.0331478,-0.0765493,0.823838,0.056389,-0.943918,-0.325331,-1.78072,0,0,0,1
133198519243090168,-0.0615531,-0.328147,0.942619,-1.41194,-0.996524,-0.0329111,-0.0765302,0.823864,0.0561358,-0.944053,-0.32498,-1.78079,0,0,0,1
133198519243426213,-0.0618778,-0.327758,0.942733,-1.41153,-0.996544,-0.0321643,-0.0765923,0.823929,0.0554261,-0.944214,-0.324635,-1.78091,0,0,0,1
133198519243749816,-0.0623112,-0.327903,0.942654,-1.41124,-0.996513,-0.0320745,-0.0770287,0.823912,0.0554932,-0.944167,-0.324761,-1.78107,0,0,0,1
133198519245067714,-0.0610861,-0.329926,0.942028,-1.41053,-0.996758,-0.0293463,-0.0749132,0.824243,0.0523611,-0.94355,-0.327063,-1.78229,0,0,0,1
133198519245398094,-0.0610722,-0.331507,0.941474,-1.41051,-0.996766,-0.0290929,-0.0749028,0.824249,0.0522209,-0.943004,-0.328659,-1.78299,0,0,0,1
133198519245730021,-0.0611959,-0.333467,0.940773,-1.41058,-0.996704,-0.0298744,-0.0754232,0.824188,0.0532562,-0.942288,-0.33054,-1.78386,0,0,0,1
133198519246061906,-0.0605855,-0.335503,0.940089,-1.41068,-0.996667,-0.0312018,-0.0753674,0.824155,0.0546186,-0.941522,-0.332495,-1.78479,0,0,0,1
133198519246390594,-0.0606259,-0.33801,0.939188,-1.41082,-0.996546,-0.0329984,-0.0762047,0.82401,0.0567499,-0.940564,-0.334842,-1.78569,0,0,0,1
133198519246742868,-0.0603564,-0.340252,0.938395,-1.41093,-0.996489,-0.0341097,-0.0764607,0.823904,0.0580242,-0.939715,-0.336999,-1.7865,0,0,0,1
133198519247079164,-0.0606256,-0.341914,0.937773,-1.411,-0.996399,-0.0350549,-0.077197,0.82375,0.0592685,-0.939077,-0.338557,-1.78713,0,0,0,1
133198519247389263,-0.0606254,-0.342528,0.93755,-1.411,-0.996357,-0.0356779,-0.0774627,0.823656,0.0599829,-0.93883,-0.339117,-1.78763,0,0,0,1
133198519247710453,-0.0612326,-0.343457,0.93717,-1.41112,-0.996204,-0.0371786,-0.0787147,0.82342,0.0618776,-0.938432,-0.339877,-1.78808,0,0,0,1
133198519248039153,-0.0622571,-0.344917,0.936566,-1.41138,-0.996007,-0.0386873,-0.0804561,0.823112,0.063984,-0.937836,-0.341131,-1.78843,0,0,0,1
133198519248370037,-0.0623087,-0.34588,0.936208,-1.41172,-0.995957,-0.0392622,-0.0807908,0.823011,0.0647016,-0.937457,-0.342035,-1.78857,0,0,0,1
133198519248696319,-0.0615487,-0.346612,0.935987,-1.41215,-0.995922,-0.0406444,-0.0805415,0.822983,0.0659594,-0.937127,-0.342697,-1.78845,0,0,0,1
133198519249029595,-0.0598009,-0.34618,0.93626,-1.41248,-0.995973,-0.0420672,-0.0791691,0.823081,0.0667926,-0.937224,-0.34227,-1.78798,0,0,0,1
