133198519514692768,-0.165357,0.804989,0.56978,-3.67124,-0.981802,-0.0796558,-0.172392,0.806816,-0.0933873,-0.587918,0.803512,-1.35097,0,0,0,1
133198519515025731,-0.165426,0.806288,0.567921,-3.66974,-0.981639,-0.0791657,-0.173542,0.806672,-0.0949652,-0.586202,0.80458,-1.35021,0,0,0,1
133198519515703099,-0.165299,0.808697,0.564522,-3.66704,-0.981468,-0.078624,-0.174754,0.806573,-0.0969375,-0.582947,0.806707,-1.34893,0,0,0,1
133198519516033144,-0.164889,0.810043,0.56271,-3.66587,-0.981531,-0.0786602,-0.174381,0.806621,-0.0969933,-0.581071,0.808053,-1.34838,0,0,0,1
133198519516344288,-0.164725,0.811221,0.561057,-3.66488,-0.981552,-0.0788424,-0.174184,0.806665,-0.0970665,-0.579399,0.809243,-1.34786,0,0,0,1
133198519516670954,-0.164272,0.812441,0.559422,-3.66386,-0.981587,-0.0785958,-0.174095,0.806677,-0.0974735,-0.577721,0.810393,-1.34739,0,0,0,1
133198519517337309,-0.164626,0.814361,0.55652,-3.66186,-0.981446,-0.0790141,-0.174703,0.806538,-0.0982987,-0.574955,0.812259,-1.34671,0,0,0,1
133198519517995558,-0.166301,0.815541,0.554289,-3.66017,-0.981211,-0.0810981,-0.175067,0.806473,-0.097823,-0.572988,0.813705,-1.3464,0,0,0,1
133198519518333673,-0.166809,0.815946,0.553541,-3.6595,-0.981229,-0.0822717,-0.174419,0.806586,-0.0967759,-0.572245,0.814353,-1.34625,0,0,0,1
133198519518980967,-0.164992,0.817108,0.552369,-3.65871,-0.981869,-0.0830781,-0.170387,0.807285,-0.0933349,-0.570467,0.816,-1.3455,0,0,0,1
133198519519355348,-0.162231,0.818212,0.551552,-3.65834,-0.982525,-0.0822568,-0.16697,0.807781,-0.091248,-0.569002,0.817258,-1.34472,0,0,0,1
133198519519644563,-0.160413,0.819064,0.550819,-3.65792,-0.982915,-0.0815263,-0.165022,0.807995,-0.0902573,-0.567879,0.818148,-1.34401,0,0,0,1
133198519519994315,-0.160048,0.819557,0.550191,-3.65724,-0.983003,-0.0815424,-0.164487,0.808034,-0.0899422,-0.567165,0.818678,-1.34309,0,0,0,1
133198519520304585,-0.161293,0.818849,0.550882,-3.65648,-0.982746,-0.0820622,-0.165758,0.807898,-0.0905243,-0.568113,0.817957,-1.34245,0,0,0,1
133198519520654064,-0.161568,0.817306,0.553088,-3.65561,-0.98282,-0.0825881,-0.165059,0.807907,-0.0892257,-0.570254,0.816608,-1.34177,0,0,0,1
133198519520965328,-0.162632,0.814948,0.556247,-3.6549,-0.982663,-0.0829184,-0.165822,0.807763,-0.0890134,-0.573572,0.814304,-1.34128,0,0,0,1
133198519525136784,-0.150488,0.813298,0.562051,-3.62962,-0.984515,-0.0715816,-0.160022,0.807237,-0.089913,-0.577428,0.811475,-1.32062,0,0,0,1
133198519525734830,-0.149466,0.817307,0.556479,-3.62074,-0.98455,-0.0710992,-0.160019,0.806863,-0.0912192,-0.571799,0.815307,-1.31743,0,0,0,1
133198519526039784,-0.149489,0.819416,0.553362,-3.61597,-0.98442,-0.0709461,-0.160882,0.806479,-0.0925703,-0.568791,0.817256,-1.31608,0,0,0,1
133198519526376449,-0.149409,0.821163,0.550788,-3.6105,-0.984359,-0.0709391,-0.161258,0.806122,-0.093347,-0.566267,0.818919,-1.3149,0,0,0,1
133198519526704833,-0.149266,0.822704,0.548524,-3.60522,-0.984387,-0.071303,-0.16093,0.805852,-0.0932861,-0.563981,0.820502,-1.31396,0,0,0,1
133198519527040540,-0.149903,0.824279,0.545979,-3.60004,-0.984309,-0.0724293,-0.160902,0.805457,-0.0930832,-0.561532,0.822203,-1.31317,0,0,0,1
133198519527711005,-0.151122,0.828389,0.539383,-3.59072,-0.983756,-0.0725552,-0.164194,0.803816,-0.0968819,-0.555434,0.825897,-1.31187,0,0,0,1
133198519528032069,-0.151216,0.830052,0.536795,-3.5867,-0.983343,-0.0709155,-0.167353,0.802833,-0.100844,-0.55316,0.826949,-1.31143,0,0,0,1
133198519528368830,-0.150592,0.831521,0.534692,-3.58278,-0.983046,-0.0687218,-0.169995,0.801993,-0.104609,-0.551226,0.827772,-1.31102,0,0,0,1
133198519529350976,-0.150243,0.835282,0.528895,-3.57324,-0.981631,-0.0624083,-0.18029,0.800968,-0.117586,-0.546268,0.829316,-1.31019,0,0,0,1
133198519529691369,-0.150169,0.836132,0.527573,-3.57049,-0.981408,-0.0615518,-0.181798,0.801373,-0.119534,-0.545065,0.829829,-1.31007,0,0,0,1
133198519530004831,-0.149479,0.837211,0.526055,-3.56816,-0.981223,-0.0600177,-0.183298,0.801872,-0.121887,-0.543577,0.830462,-1.31004,0,0,0,1
133198519530335119,-0.148937,0.838434,0.524257,-3.56584,-0.981075,-0.0589498,-0.184437,0.802283,-0.123733,-0.541805,0.831347,-1.31022,0,0,0,1
133198519530680111,-0.148098,0.840026,0.521942,-3.56355,-0.98117,-0.0586349,-0.184033,0.80266,-0.123988,-0.539369,0.832892,-1.31062,0,0,0,1
133198519531009844,-0.147059,0.841988,0.519065,-3.5615,-0.981606,-0.0596373,-0.181365,0.802935,-0.121752,-0.536189,0.835271,-1.31112,0,0,0,1
133198519531343959,-0.146809,0.843956,0.515932,-3.55961,-0.981965,-0.0615284,-0.178771,0.802958,-0.11913,-0.532873,0.837768,-1.31172,0,0,0,1
133198519531661187,-0.148335,0.845031,0.513731,-3.55814,-0.981755,-0.063336,-0.179291,0.802745,-0.118969,-0.530953,0.839009,-1.31248,0,0,0,1
133198519532318091,-0.151581,0.844211,0.514131,-3.55639,-0.980342,-0.0619369,-0.187332,0.802263,-0.126304,-0.532421,0.837004,-1.31474,0,0,0,1
133198519532665882,-0.152362,0.842736,0.516316,-3.55619,-0.979467,-0.0589662,-0.192789,0.802164,-0.132025,-0.535088,0.834416,-1.31652,0,0,0,1
133198519532975495,-0.151403,0.841894,0.517969,-3.55637,-0.979186,-0.0560828,-0.195062,0.802537,-0.135172,-0.536721,0.832862,-1.31824,0,0,0,1
133198519533638062,-0.148059,0.841805,0.519078,-3.55725,-0.980116,-0.0547867,-0.190713,0.804202,-0.132105,-0.536994,0.833178,-1.32154,0,0,0,1
133198519533967202,-0.147981,0.840656,0.520959,-3.55771,-0.980919,-0.0575987,-0.18569,0.804744,-0.126095,-0.538497,0.833139,-1.32287,0,0,0,1
133198519534299303,-0.14974,0.838583,0.523791,-3.5583,-0.981359,-0.0615081,-0.182074,0.804563,-0.120467,-0.541291,0.832161,-1.32385,0,0,0,1
133198519534646144,-0.15363,0.835971,0.52683,-3.55927,-0.981171,-0.0659009,-0.181551,0.803556,-0.117053,-0.544802,0.830355,-1.32444,0,0,0,1
133198519534959191,-0.158144,0.833806,0.528921,-3.56067,-0.980458,-0.0691223,-0.184185,0.802365,-0.117014,-0.547713,0.828443,-1.32452,0,0,0,1
133198519535291349,-0.161654,0.832317,0.530203,-3.56276,-0.97968,-0.0707163,-0.187684,0.801213,-0.118719,-0.54977,0.826837,-1.32432,0,0,0,1
133198519535628983,-0.164676,0.831475,0.530596,-3.56549,-0.978752,-0.0711168,-0.192322,0.800352,-0.122176,-0.550992,0.825518,-1.32401,0,0,0,1
133198519535961299,-0.166822,0.830666,0.531192,-3.56853,-0.977995,-0.070948,-0.196194,0.800059,-0.125285,-0.552232,0.824223,-1.32386,0,0,0,1
133198519536277245,-0.166419,0.829353,0.533365,-3.5715,-0.978162,-0.0705465,-0.195507,0.800909,-0.124517,-0.554254,0.822981,-1.32379,0,0,0,1
133198519536621669,-0.164894,0.827025,0.537438,-3.57471,-0.978772,-0.0699608,-0.192644,0.802307,-0.121721,-0.557795,0.821005,-1.32384,0,0,0,1
133198519536956886,-0.164861,0.824493,0.541324,-3.57792,-0.978655,-0.068464,-0.193772,0.803107,-0.122702,-0.561715,0.818181,-1.32408,0,0,0,1
133198519537282932,-0.165042,0.822388,0.544461,-3.58119,-0.978347,-0.0666049,-0.195962,0.803431,-0.124893,-0.565014,0.815574,-1.32438,0,0,0,1
133198519537604547,-0.164952,0.821124,0.546393,-3.58456,-0.978014,-0.0645082,-0.198311,0.803567,-0.127591,-0.567092,0.813712,-1.32465,0,0,0,1
133198519537945182,-0.163571,0.820822,0.547261,-3.5881,-0.977962,-0.0619552,-0.199379,0.803925,-0.129749,-0.567814,0.812867,-1.3249,0,0,0,1
133198519538256033,-0.161664,0.821341,0.547051,-3.59126,-0.978084,-0.0596498,-0.199484,0.804485,-0.131213,-0.567311,0.812983,-1.3251,0,0,0,1
133198519540241045,-0.158679,0.827418,0.538702,-3.60874,-0.978563,-0.0592514,-0.197238,0.807353,-0.131279,-0.558451,0.819084,-1.32742,0,0,0,1
133198519540582686,-0.156268,0.82827,0.538097,-3.61118,-0.978866,-0.0571074,-0.196368,0.807833,-0.131917,-0.557411,0.81969,-1.32773,0,0,0,1
133198519540894957,-0.1535,0.827688,0.539787,-3.61313,-0.979308,-0.0545143,-0.194897,0.808364,-0.131888,-0.558535,0.818929,-1.32824,0,0,0,1
133198519541230390,-0.150338,0.826132,0.543051,-3.61488,-0.979999,-0.0520828,-0.192069,0.80901,-0.130391,-0.561065,0.817438,-1.32898,0,0,0,1
133198519541561161,-0.147856,0.824548,0.546131,-3.61636,-0.980864,-0.051531,-0.187751,0.809751,-0.126667,-0.56344,0.816389,-1.32969,0,0,0,1
133198519541883423,-0.147297,0.823503,0.547856,-3.61759,-0.981533,-0.053351,-0.183701,0.810298,-0.12205,-0.564798,0.816154,-1.33024,0,0,0,1
133198519542226100,-0.147935,0.822581,0.549068,-3.61872,-0.982007,-0.0562811,-0.180264,0.810749,-0.117379,-0.565856,0.816106,-1.33066,0,0,0,1
133198519542881685,-0.14771,0.821238,0.551136,-3.62041,-0.98288,-0.0598354,-0.174262,0.811622,-0.110133,-0.567441,0.816016,-1.33075,0,0,0,1
133198519544200449,-0.147169,0.819857,0.553331,-3.62256,-0.982788,-0.0580524,-0.175377,0.812045,-0.111662,-0.569617,0.81429,-1.33031,0,0,0,1
133198519544559370,-0.146475,0.819004,0.554776,-3.62288,-0.983039,-0.0579476,-0.174001,0.812258,-0.11036,-0.570854,0.813601,-1.33057,0,0,0,1
133198519544853801,-0.145943,0.818586,0.555534,-3.62312,-0.983345,-0.0585477,-0.172062,0.81252,-0.108323,-0.571392,0.813497,-1.33075,0,0,0,1
133198519545201214,-0.145904,0.818371,0.55586,-3.62333,-0.98365,-0.0600481,-0.169785,0.812856,-0.105568,-0.571544,0.813752,-1.33096,0,0,0,1
133198519545858645,-0.146622,0.818775,0.555076,-3.62355,-0.984007,-0.0633436,-0.166486,0.813215,-0.101154,-0.57061,0.814968,-1.33084,0,0,0,1
133198519546192584,-0.146747,0.818959,0.554771,-3.62359,-0.984163,-0.0644969,-0.165118,0.813281,-0.0994437,-0.570216,0.815454,-1.33048,0,0,0,1
133198519546506020,-0.146766,0.819298,0.554266,-3.62358,-0.984111,-0.0643322,-0.165492,0.81327,-0.0999297,-0.569747,0.815722,-1.32997,0,0,0,1
133198519546835926,-0.147615,0.819586,0.553615,-3.62355,-0.9839,-0.0646644,-0.166614,0.813116,-0.100755,-0.569297,0.815935,-1.3294,0,0,0,1
133198519547163412,-0.148519,0.820034,0.552708,-3.62346,-0.983724,-0.0653484,-0.167382,0.81293,-0.101141,-0.568571,0.816393,-1.32889,0,0,0,1
133198519547510079,-0.148899,0.82061,0.551749,-3.62343,-0.98364,-0.0657015,-0.167735,0.812795,-0.101394,-0.567699,0.816969,-1.32835,0,0,0,1
133198519547832895,-0.148937,0.82095,0.551234,-3.62336,-0.983658,-0.0659664,-0.16753,0.8127,-0.101171,-0.567177,0.817358,-1.32796,0,0,0,1
133198519548190967,-0.149582,0.821208,0.550675,-3.62321,-0.983549,-0.0665358,-0.167942,0.812559,-0.101276,-0.566737,0.817651,-1.32767,0,0,0,1
133198519548494761,-0.150686,0.82127,0.550281,-3.62306,-0.983382,-0.0675116,-0.168526,0.812377,-0.101255,-0.566531,0.817796,-1.32747,0,0,0,1
133198519549142534,-0.152249,0.82071,0.550687,-3.62271,-0.983101,-0.0684516,-0.169783,0.812005,-0.101647,-0.56723,0.817262,-1.32726,0,0,0,1
133198519549475199,-0.153027,0.820057,0.551443,-3.62252,-0.982923,-0.0685973,-0.170752,0.81178,-0.102199,-0.568155,0.816551,-1.32724,0,0,0,1
133198519549807045,-0.153861,0.819493,0.552049,-3.6224,-0.98269,-0.0685664,-0.172101,0.811532,-0.103184,-0.568973,0.815857,-1.32727,0,0,0,1
133198519550468055,-0.154707,0.818632,0.553088,-3.62219,-0.982575,-0.06912,-0.172536,0.811374,-0.103014,-0.570143,0.815061,-1.3275,0,0,0,1
133198519552962735,-0.154212,0.813029,0.561429,-3.62148,-0.982902,-0.0683783,-0.17096,0.81155,-0.100606,-0.578193,0.809673,-1.32788,0,0,0,1
133198519553259302,-0.154263,0.813392,0.56089,-3.6215,-0.982896,-0.0685431,-0.17093,0.811409,-0.100588,-0.577664,0.810053,-1.32757,0,0,0,1
133198519553581298,-0.153894,0.814005,0.5601,-3.62158,-0.982955,-0.0684217,-0.17064,0.811375,-0.100579,-0.576814,0.81066,-1.32715,0,0,0,1
133198519553917095,-0.152988,0.81463,0.559439,-3.62171,-0.983011,-0.0673563,-0.170739,0.811404,-0.101407,-0.576056,0.811095,-1.32658,0,0,0,1
133198519554261478,-0.15196,0.815104,0.55903,-3.62179,-0.982959,-0.0654372,-0.171785,0.811333,-0.103441,-0.575607,0.811157,-1.32605,0,0,0,1
133198519554576655,-0.15198,0.81513,0.558987,-3.62182,-0.982774,-0.0644554,-0.17321,0.811168,-0.105159,-0.575682,0.810883,-1.32566,0,0,0,1
133198519559528215,-0.152262,0.811242,0.564538,-3.62368,-0.982799,-0.0638751,-0.173283,0.811345,-0.104515,-0.581212,0.807013,-1.32323,0,0,0,1
133198519559853698,-0.1532,0.810661,0.565118,-3.62371,-0.982682,-0.0646523,-0.173656,0.811216,-0.10424,-0.581935,0.806527,-1.32325,0,0,0,1
133198519560197601,-0.154168,0.810151,0.565586,-3.62379,-0.982539,-0.0653598,-0.174199,0.811078,-0.104161,-0.582567,0.806081,-1.32326,0,0,0,1
133198519560512083,-0.154817,0.809769,0.565956,-3.62393,-0.982437,-0.0657922,-0.17461,0.810959,-0.104158,-0.583049,0.805733,-1.32328,0,0,0,1
133198519560843996,-0.155145,0.809344,0.566473,-3.6241,-0.982398,-0.0660058,-0.174753,0.810945,-0.104045,-0.583614,0.805338,-1.32333,0,0,0,1
133198519565461284,-0.150373,0.807162,0.570858,-3.62528,-0.983076,-0.0609627,-0.17276,0.811195,-0.104644,-0.587175,0.802668,-1.32257,0,0,0,1
133198519565793958,-0.151464,0.806043,0.572148,-3.62486,-0.982894,-0.0614609,-0.173614,0.811015,-0.104776,-0.588657,0.801564,-1.32272,0,0,0,1
133198519566129459,-0.152266,0.805084,0.573284,-3.62451,-0.982824,-0.0621449,-0.173768,0.81094,-0.104271,-0.589896,0.800719,-1.32287,0,0,0,1
133198519566457417,-0.153067,0.804475,0.573926,-3.6242,-0.982772,-0.0630431,-0.173739,0.810897,-0.103586,-0.590632,0.800265,-1.32299,0,0,0,1
133198519571404272,-0.154012,0.804724,0.573324,-3.62187,-0.982813,-0.0649965,-0.172784,0.810808,-0.101779,-0.590081,0.800903,-1.32141,0,0,0,1
133198519571736546,-0.154873,0.804765,0.573033,-3.62166,-0.982639,-0.0655091,-0.173577,0.810633,-0.10215,-0.589967,0.800939,-1.32123,0,0,0,1
133198519572065401,-0.155689,0.804665,0.572953,-3.62145,-0.982458,-0.065861,-0.174468,0.810466,-0.102653,-0.590065,0.800803,-1.32101,0,0,0,1
133198519572391732,-0.156368,0.804535,0.572951,-3.62125,-0.98229,-0.066047,-0.17534,0.81029,-0.103225,-0.590221,0.800614,-1.32076,0,0,0,1
133198519572725220,-0.157045,0.804547,0.572748,-3.62107,-0.982098,-0.0661403,-0.176378,0.810149,-0.104023,-0.590194,0.800531,-1.32044,0,0,0,1
133198519573061872,-0.157318,0.804619,0.572572,-3.62096,-0.982032,-0.0662663,-0.176698,0.810055,-0.104232,-0.590081,0.800587,-1.32012,0,0,0,1
133198519573388048,-0.157,0.805007,0.572114,-3.62091,-0.982033,-0.0658392,-0.17685,0.810033,-0.104698,-0.589601,0.80088,-1.31976,0,0,0,1
133198519573726215,-0.157045,0.805584,0.571289,-3.62086,-0.98196,-0.065686,-0.177312,0.809949,-0.105314,-0.588829,0.801367,-1.31932,0,0,0,1
133198519574374369,-0.158282,0.806251,0.570005,-3.62066,-0.981655,-0.0663456,-0.178748,0.809666,-0.106298,-0.587841,0.801962,-1.31854,0,0,0,1
133198519574704016,-0.158443,0.805881,0.570484,-3.62052,-0.981628,-0.0663565,-0.178894,0.809638,-0.106312,-0.588348,0.801589,-1.31824,0,0,0,1
133198519575037356,-0.158639,0.805268,0.571295,-3.62039,-0.98159,-0.066292,-0.179129,0.809589,-0.106375,-0.589194,0.800959,-1.31798,0,0,0,1
133198519579668581,-0.160126,0.805013,0.571239,-3.62158,-0.980629,-0.0635952,-0.185262,0.809146,-0.11281,-0.589839,0.799602,-1.31079,0,0,0,1
133198519580643430,-0.161197,0.805694,0.569976,-3.62234,-0.979872,-0.0617447,-0.189841,0.808742,-0.117761,-0.589105,0.799429,-1.3114,0,0,0,1
133198519581319892,-0.161987,0.806247,0.568969,-3.62249,-0.979836,-0.0630722,-0.189586,0.80865,-0.116967,-0.588207,0.800207,-1.31252,0,0,0,1
133198519581633456,-0.162832,0.806165,0.568844,-3.62236,-0.979909,-0.0648396,-0.188609,0.808645,-0.115167,-0.588127,0.800527,-1.31298,0,0,0,1
133198519582341960,-0.16252,0.806525,0.568423,-3.62204,-0.980229,-0.0660785,-0.186503,0.808763,-0.112859,-0.587496,0.801319,-1.31316,0,0,0,1
133198519582632487,-0.161351,0.80689,0.568238,-3.62183,-0.980556,-0.0659071,-0.184841,0.808894,-0.111695,-0.587014,0.801835,-1.31296,0,0,0,1
133198519585290624,-0.155124,0.800518,0.578884,-3.6229,-0.981054,-0.0559877,-0.18547,0.808892,-0.116061,-0.596687,0.794037,-1.31245,0,0,0,1
133198519585597425,-0.154818,0.801086,0.57818,-3.62319,-0.980533,-0.0530497,-0.189053,0.80855,-0.120775,-0.596193,0.793705,-1.31261,0,0,0,1
133198519585931790,-0.154059,0.802574,0.576317,-3.62344,-0.980196,-0.0506876,-0.191435,0.808332,-0.124429,-0.594396,0.794488,-1.31294,0,0,0,1
133198519586255496,-0.154427,0.804357,0.573726,-3.62354,-0.97994,-0.0506577,-0.192744,0.808162,-0.125971,-0.591983,0.796045,-1.31348,0,0,0,1
133198519586588429,-0.155246,0.806331,0.570726,-3.62356,-0.979769,-0.0518161,-0.193306,0.808117,-0.126296,-0.58919,0.798063,-1.31418,0,0,0,1
133198519586925155,-0.155336,0.808159,0.56811,-3.62346,-0.979812,-0.0527753,-0.19283,0.808197,-0.125855,-0.586594,0.800042,-1.31498,0,0,0,1
133198519587268988,-0.155978,0.809348,0.566239,-3.62336,-0.979698,-0.0536679,-0.193161,0.808224,-0.125946,-0.584872,0.801288,-1.31582,0,0,0,1
133198519587579364,-0.156395,0.810275,0.564796,-3.62331,-0.979631,-0.0543349,-0.193314,0.808185,-0.125949,-0.583525,0.802269,-1.3165,0,0,0,1
133198519587919918,-0.157799,0.811168,0.563122,-3.62334,-0.979279,-0.0552447,-0.194836,0.808001,-0.126935,-0.582198,0.803077,-1.3172,0,0,0,1
133198519588222726,-0.160006,0.810682,0.563199,-3.62317,-0.979065,-0.0576121,-0.195227,0.807941,-0.12582,-0.582645,0.802928,-1.31808,0,0,0,1
133198519588881106,-0.161635,0.802313,0.574602,-3.62183,-0.980006,-0.0620407,-0.189048,0.808658,-0.116027,-0.59367,0.7963,-1.3212,0,0,0,1
133198519589207666,-0.162967,0.797169,0.581345,-3.62104,-0.980253,-0.0639335,-0.187123,0.808892,-0.112001,-0.600361,0.791847,-1.32292,0,0,0,1
133198519589544506,-0.164582,0.79371,0.585609,-3.62044,-0.980394,-0.0664138,-0.18552,0.809018,-0.108357,-0.60466,0.789079,-1.32436,0,0,0,1
133198519589885774,-0.166329,0.792123,0.587261,-3.6201,-0.980388,-0.0690013,-0.184601,0.809018,-0.105705,-0.606448,0.788065,-1.32533,0,0,0,1
133198519590204731,-0.167886,0.791619,0.587498,-3.61997,-0.980253,-0.0708896,-0.184602,0.808922,-0.104487,-0.606889,0.787888,-1.32593,0,0,0,1
133198519590551618,-0.16845,0.791176,0.587932,-3.62,-0.980171,-0.0712987,-0.184884,0.808882,-0.104357,-0.607418,0.787498,-1.32634,0,0,0,1
133198519590885055,-0.16779,0.790529,0.588991,-3.62006,-0.980234,-0.0702591,-0.184946,0.808926,-0.104824,-0.608381,0.786692,-1.32661,0,0,0,1
133198519591534705,-0.165663,0.789478,0.590999,-3.61996,-0.980388,-0.0669739,-0.185346,0.808976,-0.106745,-0.610114,0.78509,-1.32694,0,0,0,1
133198519591874562,-0.165063,0.789002,0.591803,-3.61969,-0.980409,-0.0658709,-0.185631,0.808916,-0.10748,-0.610849,0.784418,-1.32712,0,0,0,1
133198519592200225,-0.165801,0.788248,0.5926,-3.61925,-0.980187,-0.0656929,-0.186861,0.808655,-0.108363,-0.611841,0.783523,-1.32739,0,0,0,1
133198519592533653,-0.167702,0.787039,0.593671,-3.61865,-0.979728,-0.0661151,-0.189107,0.808248,-0.109584,-0.61335,0.782172,-1.32786,0,0,0,1
133198519592844318,-0.169029,0.785696,0.595073,-3.61811,-0.979448,-0.0664893,-0.190422,0.807974,-0.110048,-0.61503,0.780787,-1.32837,0,0,0,1
133198519593169806,-0.169758,0.784337,0.596655,-3.61757,-0.979336,-0.0667307,-0.190915,0.807803,-0.109927,-0.616735,0.779457,-1.32893,0,0,0,1
133198519594190567,-0.171501,0.78295,0.597977,-3.61643,-0.97902,-0.0676532,-0.192204,0.807649,-0.110031,-0.618395,0.778127,-1.33019,0,0,0,1
133198519595834764,-0.171337,0.783227,0.597661,-3.6152,-0.97903,-0.0675031,-0.192205,0.807643,-0.110196,-0.61806,0.778369,-1.33082,0,0,0,1
