375.646,199.865,760,428
133198518320478750,590.042,589.735,-0.598356,-0.071142,0.798069,-1.3288,0.0449032,0.991509,0.122051,0.130109,-0.799974,0.108865,-0.59008,2.09153,0,0,0,1
133198518322144738,590.042,589.735,-0.603999,-0.0666507,0.794197,-1.32734,0.0515459,0.991146,0.12238,0.130075,-0.79532,0.114854,-0.595214,2.09434,0,0,0,1
133198518322811132,590.042,589.735,-0.605126,-0.0656784,0.79342,-1.32759,0.051011,0.991346,0.120967,0.130369,-0.794497,0.113673,-0.596538,2.09459,0,0,0,1
133198518323144330,590.042,589.735,-0.604718,-0.066226,0.793685,-1.328,0.0497725,0.991449,0.120649,0.130515,-0.794886,0.112462,-0.59625,2.09443,0,0,0,1
133198518323477528,590.042,589.735,-0.604329,-0.0661934,0.793984,-1.32858,0.0486688,0.991617,0.119712,0.130692,-0.795251,0.110987,-0.596039,2.0943,0,0,0,1
133198518323810726,590.042,589.735,-0.604367,-0.0656285,0.794002,-1.32915,0.0480023,0.991793,0.118514,0.130897,-0.795261,0.109739,-0.596256,2.09427,0,0,0,1
133198518324143923,590.042,589.735,-0.604904,-0.0662064,0.793544,-1.32973,0.0475118,0.991763,0.118961,0.13099,-0.794882,0.109662,-0.596775,2.09428,0,0,0,1
133198518324477121,590.042,589.735,-0.604168,-0.0646337,0.794235,-1.33055,0.0468786,0.992098,0.116395,0.131326,-0.79548,0.107554,-0.596363,2.09435,0,0,0,1
133198518324810319,590.042,589.735,-0.603696,-0.0657324,0.794504,-1.33137,0.0473601,0.99188,0.118047,0.131157,-0.79581,0.108892,-0.595679,2.09429,0,0,0,1
133198518325143516,590.042,589.735,-0.603622,-0.0680105,0.794368,-1.33216,0.0471347,0.99157,0.12071,0.130901,-0.795879,0.110305,-0.595326,2.09405,0,0,0,1
133198518325476714,590.042,589.735,-0.601852,-0.0673615,0.795766,-1.33311,0.0455218,0.991924,0.118394,0.131134,-0.797312,0.10748,-0.593924,2.09351,0,0,0,1
133198518326143109,590.042,589.735,-0.596863,-0.0712823,0.799174,-1.33498,0.0403884,0.992116,0.118655,0.131162,-0.801329,0.103097,-0.589277,2.09225,0,0,0,1
133198518327142702,590.042,589.735,-0.594806,-0.0715022,0.800687,-1.33672,0.0350051,0.992789,0.114661,0.131649,-0.80311,0.0962283,-0.588013,2.0921,0,0,0,1
133198518327475899,590.042,589.735,-0.596062,-0.0722984,0.799681,-1.33721,0.033266,0.992861,0.114559,0.131613,-0.802252,0.0948856,-0.589401,2.09248,0,0,0,1
133198518327809097,590.042,589.735,-0.596117,-0.0734057,0.799539,-1.33797,0.031216,0.992941,0.114435,0.131665,-0.802294,0.0931744,-0.589617,2.09286,0,0,0,1
133198518328142294,590.042,589.735,-0.593742,-0.0729599,0.801345,-1.33903,0.0297893,0.993207,0.112499,0.131879,-0.804107,0.0906662,-0.587534,2.09323,0,0,0,1
133198518328475492,590.042,589.735,-0.591563,-0.0761642,0.802657,-1.34015,0.0278092,0.99301,0.114722,0.131642,-0.805782,0.0901857,-0.585308,2.0938,0,0,0,1
133198518328808690,590.042,589.735,-0.589276,-0.0787926,0.804084,-1.34125,0.0265937,0.992804,0.116774,0.131579,-0.807497,0.0901951,-0.582939,2.09452,0,0,0,1
133198518329475085,590.042,589.735,-0.582518,-0.0754396,0.809313,-1.34364,0.0268899,0.993352,0.111948,0.132331,-0.812376,0.0869734,-0.576616,2.09623,0,0,0,1
133198518331141073,590.042,589.735,-0.576562,-0.0899759,0.812088,-1.34691,0.0171788,0.992365,0.122146,0.131227,-0.816876,0.0843746,-0.570613,2.10124,0,0,0,1
133198518331474270,590.042,589.735,-0.575123,-0.0915588,0.812931,-1.34693,0.016587,0.992209,0.123485,0.131036,-0.817902,0.0845021,-0.569122,2.10182,0,0,0,1
133198518332473863,590.042,589.735,-0.575849,-0.0939613,0.812142,-1.34524,0.0176005,0.99172,0.127217,0.130452,-0.817369,0.0875511,-0.569427,2.10296,0,0,0,1
133198518332807061,590.042,589.735,-0.577798,-0.0949148,0.810646,-1.34416,0.0168684,0.991616,0.128126,0.130379,-0.816009,0.0877045,-0.571351,2.10314,0,0,0,1
133198518333140258,590.042,589.735,-0.579397,-0.0949123,0.809504,-1.343,0.016053,0.991677,0.127761,0.130496,-0.81489,0.0870183,-0.57305,2.10305,0,0,0,1
133198518333473456,590.042,589.735,-0.579167,-0.0951521,0.80964,-1.34191,0.0151605,0.991738,0.127397,0.130656,-0.815071,0.0860579,-0.572938,2.10257,0,0,0,1
133198518333806653,590.042,589.735,-0.577718,-0.0954164,0.810645,-1.34091,0.0148612,0.991752,0.127324,0.130754,-0.816105,0.0856035,-0.571533,2.10181,0,0,0,1
133198518334139851,590.042,589.735,-0.575423,-0.0958798,0.81222,-1.34002,0.0143402,0.991771,0.127234,0.130831,-0.817733,0.0848601,-0.569312,2.10088,0,0,0,1
133198518335139444,590.042,589.735,-0.567703,-0.0964808,0.817565,-1.33761,0.0134861,0.991887,0.126416,0.131024,-0.823127,0.082792,-0.561795,2.09832,0,0,0,1
133198518335472641,590.042,589.735,-0.567412,-0.0958042,0.817845,-1.33663,0.0141367,0.99193,0.126004,0.131097,-0.823316,0.0830572,-0.561478,2.09792,0,0,0,1
133198518335805839,590.042,589.735,-0.568856,-0.0942402,0.817024,-1.33565,0.0146633,0.992095,0.124642,0.131258,-0.82231,0.082883,-0.562976,2.09781,0,0,0,1
133198518336139037,590.042,589.735,-0.571528,-0.0934024,0.815253,-1.33462,0.0150179,0.992146,0.124196,0.131269,-0.820448,0.0832243,-0.565635,2.09782,0,0,0,1
133198518336472234,590.042,589.735,-0.574365,-0.0935236,0.813243,-1.33375,0.0149848,0.992086,0.124673,0.131223,-0.818465,0.0837935,-0.568417,2.09773,0,0,0,1
133198518336805431,590.042,589.735,-0.576455,-0.0934494,0.811771,-1.33307,0.0143707,0.992128,0.124416,0.131255,-0.817005,0.0833852,-0.570573,2.09758,0,0,0,1
133198518337138629,590.042,589.735,-0.578053,-0.0934254,0.810637,-1.33255,0.0140598,0.992138,0.124368,0.131264,-0.815881,0.0832881,-0.572194,2.09728,0,0,0,1
133198518337471827,590.042,589.735,-0.579361,-0.0932169,0.809727,-1.33219,0.0140649,0.992149,0.12428,0.131246,-0.814953,0.083391,-0.5735,2.0971,0,0,0,1
133198518337805024,590.042,589.735,-0.580555,-0.0936255,0.808824,-1.33195,0.013285,0.992148,0.124381,0.131191,-0.814116,0.0829545,-0.574751,2.09691,0,0,0,1
133198518338138222,590.042,589.735,-0.581602,-0.0937743,0.808054,-1.33185,0.0123477,0.992203,0.124031,0.131284,-0.813383,0.0821137,-0.575908,2.09673,0,0,0,1
133198518338471419,590.042,589.735,-0.581842,-0.0935344,0.80791,-1.33192,0.011621,0.992309,0.123252,0.131382,-0.813223,0.0811009,-0.576278,2.09653,0,0,0,1
133198518338804617,590.042,589.735,-0.581322,-0.093325,0.808308,-1.33217,0.0116424,0.992346,0.122946,0.131452,-0.813593,0.080881,-0.575785,2.0963,0,0,0,1
133198518339137814,590.042,589.735,-0.580189,-0.09385,0.809061,-1.33246,0.0118039,0.992268,0.123566,0.131386,-0.8144,0.0812408,-0.574593,2.09596,0,0,0,1
133198518339471011,590.042,589.735,-0.578498,-0.094326,0.810215,-1.33271,0.0117587,0.992225,0.123911,0.131401,-0.815602,0.0812085,-0.57289,2.09552,0,0,0,1
133198518340470604,590.042,589.735,-0.576408,-0.0929295,0.811865,-1.33243,0.0111468,0.992528,0.121522,0.131693,-0.81709,0.0790953,-0.571063,2.09454,0,0,0,1
133198518340803803,590.042,589.735,-0.576204,-0.0930413,0.811996,-1.33213,0.0105541,0.992571,0.121221,0.131753,-0.817241,0.0784169,-0.570941,2.09428,0,0,0,1
133198518341137000,590.042,589.735,-0.575845,-0.093112,0.812243,-1.33174,0.0103916,0.992581,0.121152,0.131735,-0.817496,0.0782044,-0.570604,2.0941,0,0,0,1
133198518341470198,590.042,589.735,-0.575623,-0.0930079,0.812412,-1.33123,0.0109232,0.992549,0.121369,0.131641,-0.817646,0.0787365,-0.570317,2.09404,0,0,0,1
133198518341803396,590.042,589.735,-0.575731,-0.0922346,0.812424,-1.33067,0.0125316,0.992507,0.121559,0.131588,-0.817547,0.0801657,-0.570259,2.09411,0,0,0,1
133198518342802988,590.042,589.735,-0.575414,-0.0889439,0.813015,-1.32943,0.015855,0.992671,0.119819,0.131597,-0.817711,0.081835,-0.569786,2.09424,0,0,0,1
133198518343469384,590.042,589.735,-0.575805,-0.0884043,0.812797,-1.32927,0.0156753,0.992762,0.119082,0.131651,-0.81744,0.0813085,-0.570251,2.09424,0,0,0,1
133198518343802581,590.042,589.735,-0.576396,-0.088981,0.812316,-1.32928,0.0153895,0.992698,0.119659,0.131509,-0.817029,0.0814714,-0.570815,2.09427,0,0,0,1
133198518344135778,590.042,589.735,-0.576846,-0.089805,0.811905,-1.32933,0.0149145,0.992617,0.120389,0.13142,-0.81672,0.0815544,-0.571246,2.09426,0,0,0,1
133198518345135372,590.042,589.735,-0.576068,-0.0881922,0.812634,-1.32949,0.0131033,0.99304,0.117059,0.131956,-0.8173,0.0780815,-0.570901,2.09371,0,0,0,1
133198518345468569,590.042,589.735,-0.57613,-0.087318,0.812685,-1.3295,0.0124612,0.993225,0.115549,0.132164,-0.817267,0.0766977,-0.571137,2.09351,0,0,0,1
133198518345801766,590.042,589.735,-0.575837,-0.0863538,0.812994,-1.32958,0.0118322,0.993424,0.113899,0.13255,-0.817481,0.075207,-0.571027,2.09327,0,0,0,1
133198518346801359,590.042,589.735,-0.573164,-0.0818515,0.815346,-1.32976,0.0104805,0.994187,0.107173,0.13352,-0.819376,0.069973,-0.568972,2.09231,0,0,0,1
133198518347134557,590.042,589.735,-0.572342,-0.0818228,0.815925,-1.32993,0.00996953,0.994243,0.106698,0.133599,-0.819956,0.0692026,-0.56823,2.09208,0,0,0,1
133198518348134150,590.042,589.735,-0.570944,-0.0870956,0.816359,-1.33069,0.00898962,0.993636,0.112296,0.132509,-0.820942,0.0714537,-0.566525,2.09189,0,0,0,1
133198518348467347,590.042,589.735,-0.570156,-0.0899357,0.816602,-1.33096,0.00853476,0.99329,0.115354,0.13202,-0.821495,0.0727395,-0.56556,2.0919,0,0,0,1
133198518349133742,590.042,589.735,-0.568251,-0.0949757,0.817358,-1.33123,0.00794623,0.992638,0.120867,0.131114,-0.822819,0.0751782,-0.563311,2.09183,0,0,0,1
133198518349466940,590.042,589.735,-0.567018,-0.0971352,0.81796,-1.33123,0.00753089,0.992372,0.123067,0.130825,-0.823672,0.0759418,-0.561959,2.09173,0,0,0,1
133198518349800137,590.042,589.735,-0.565389,-0.0979275,0.818993,-1.33112,0.00776051,0.992253,0.124002,0.130691,-0.82479,0.0764653,-0.560247,2.09165,0,0,0,1
133198518350133335,590.042,589.735,-0.563442,-0.0981105,0.820312,-1.33106,0.00885002,0.992151,0.124741,0.13054,-0.82611,0.0775448,-0.55815,2.09154,0,0,0,1
133198518350466532,590.042,589.735,-0.561577,-0.0991335,0.821467,-1.33093,0.00994334,0.991918,0.126501,0.13032,-0.827367,0.0792083,-0.556051,2.09147,0,0,0,1
133198518350799730,590.042,589.735,-0.560391,-0.10031,0.822134,-1.33072,0.0110153,0.99165,0.128501,0.130128,-0.828157,0.0810669,-0.554604,2.09144,0,0,0,1
133198518351466125,590.042,589.735,-0.558917,-0.101285,0.823018,-1.33017,0.0120756,0.991415,0.130209,0.12992,-0.829138,0.0827146,-0.552893,2.09126,0,0,0,1
133198518351799323,590.042,589.735,-0.558758,-0.100886,0.823175,-1.32977,0.0124356,0.991444,0.12995,0.129977,-0.82924,0.0828474,-0.55272,2.09116,0,0,0,1
133198518352132521,590.042,589.735,-0.558605,-0.101186,0.823241,-1.32928,0.0125653,0.991386,0.130378,0.130025,-0.829341,0.0831746,-0.55252,2.09107,0,0,0,1
133198518352465718,590.042,589.735,-0.558372,-0.100622,0.823468,-1.32875,0.0132523,0.99141,0.130129,0.130154,-0.829487,0.0835735,-0.55224,2.09099,0,0,0,1
133198518352798916,590.042,589.735,-0.558122,-0.0993818,0.823789,-1.32812,0.0139634,0.991538,0.129079,0.130432,-0.829643,0.0835452,-0.552009,2.09098,0,0,0,1
133198518353132113,590.042,589.735,-0.558441,-0.0973869,0.823811,-1.32738,0.0150467,0.991734,0.127438,0.130795,-0.82941,0.0835624,-0.552358,2.09106,0,0,0,1
133198518354464903,590.042,589.735,-0.56593,-0.0873062,0.81982,-1.32331,0.0208696,0.992543,0.120107,0.13239,-0.824191,0.0850816,-0.559886,2.09288,0,0,0,1
133198518354798101,590.042,589.735,-0.568147,-0.0850458,0.818523,-1.32236,0.0223193,0.992689,0.118634,0.132726,-0.822626,0.0856705,-0.562093,2.09339,0,0,0,1
133198518355131298,590.042,589.735,-0.569796,-0.082916,0.817595,-1.32156,0.0234777,0.99285,0.117051,0.13313,-0.821453,0.085891,-0.563773,2.09383,0,0,0,1
133198518355464496,590.042,589.735,-0.571301,-0.0805603,0.81678,-1.32091,0.0244274,0.993063,0.115033,0.13358,-0.820379,0.0856706,-0.565368,2.09425,0,0,0,1
133198518355797694,590.042,589.735,-0.573057,-0.0783394,0.815765,-1.32048,0.025221,0.993265,0.113102,0.133968,-0.819129,0.0853888,-0.56722,2.09469,0,0,0,1
133198518356130891,590.042,589.735,-0.575311,-0.0765906,0.814344,-1.32014,0.0259639,0.993396,0.111773,0.134258,-0.817525,0.0854482,-0.569521,2.09521,0,0,0,1
133198518357130484,590.042,589.735,-0.582826,-0.0764946,0.808991,-1.32007,0.0253381,0.993366,0.112183,0.134661,-0.812203,0.0858816,-0.57702,2.09678,0,0,0,1
133198518357463681,590.042,589.735,-0.584878,-0.0759283,0.807562,-1.32024,0.0254386,0.993404,0.111825,0.134848,-0.810724,0.0859477,-0.579086,2.09724,0,0,0,1
133198518357796879,590.042,589.735,-0.586681,-0.0755084,0.806293,-1.32055,0.0260723,0.993368,0.111999,0.134953,-0.809401,0.0867297,-0.580819,2.09767,0,0,0,1
133198518358130077,590.042,589.735,-0.588212,-0.0755517,0.805172,-1.32087,0.0264017,0.993304,0.112492,0.134995,-0.808278,0.0874274,-0.582277,2.09798,0,0,0,1
133198518358463274,590.042,589.735,-0.589327,-0.0765214,0.804265,-1.32129,0.0258547,0.99321,0.113443,0.135035,-0.807483,0.0876496,-0.583345,2.09822,0,0,0,1
133198518358796472,590.042,589.735,-0.590422,-0.0773962,0.803378,-1.32173,0.0250947,0.993151,0.114121,0.135035,-0.806706,0.0875407,-0.584435,2.09835,0,0,0,1
133198518359129669,590.042,589.735,-0.591588,-0.0782701,0.802436,-1.32205,0.0243266,0.993092,0.114801,0.134985,-0.805876,0.0874358,-0.585595,2.09854,0,0,0,1
133198518359462867,590.042,589.735,-0.592313,-0.0790598,0.801823,-1.32243,0.0235843,0.993048,0.115337,0.134984,-0.805365,0.087226,-0.586329,2.09871,0,0,0,1
133198518360795657,590.042,589.735,-0.594988,-0.0772408,0.800017,-1.32344,0.0247917,0.993136,0.114324,0.135305,-0.803355,0.0878555,-0.588987,2.10012,0,0,0,1
133198518361128855,590.042,589.735,-0.596326,-0.0769316,0.799051,-1.32376,0.0249719,0.993139,0.114254,0.135322,-0.802356,0.0880869,-0.590311,2.10071,0,0,0,1
133198518361462052,590.042,589.735,-0.597396,-0.0773356,0.798212,-1.32409,0.0251571,0.993044,0.11504,0.135181,-0.801554,0.0888054,-0.591293,2.10135,0,0,0,1
133198518361795251,590.042,589.735,-0.598383,-0.0774482,0.797461,-1.32447,0.0255343,0.99297,0.115596,0.13509,-0.800806,0.0895334,-0.592196,2.10211,0,0,0,1
133198518362128448,590.042,589.735,-0.599908,-0.076288,0.796426,-1.32491,0.0267718,0.992974,0.115281,0.135044,-0.799623,0.0904799,-0.593648,2.10292,0,0,0,1
133198518362461646,590.042,589.735,-0.601689,-0.0758771,0.795121,-1.32538,0.0279112,0.992874,0.115869,0.134912,-0.798246,0.0919099,-0.595281,2.10378,0,0,0,1
133198518362794843,590.042,589.735,-0.602939,-0.076544,0.794109,-1.32595,0.0289001,0.992639,0.117623,0.134702,-0.797266,0.0938692,-0.596287,2.10453,0,0,0,1
133198518364460830,590.042,589.735,-0.598466,-0.0813432,0.79701,-1.32904,0.0295951,0.99191,0.123457,0.13383,-0.800604,0.0974724,-0.591215,2.10462,0,0,0,1
133198518364794027,590.042,589.735,-0.595922,-0.0829305,0.79875,-1.3295,0.0281208,0.99189,0.123963,0.133847,-0.802551,0.0963339,-0.588755,2.10402,0,0,0,1
133198518365127226,590.042,589.735,-0.593354,-0.0839299,0.800556,-1.32972,0.0269048,0.991927,0.123934,0.133871,-0.804494,0.0950757,-0.586304,2.10338,0,0,0,1
133198518365460423,590.042,589.735,-0.590891,-0.0836663,0.802403,-1.32987,0.0265994,0.992048,0.123028,0.134056,-0.806315,0.0940396,-0.583965,2.10292,0,0,0,1
133198518365793621,590.042,589.735,-0.589058,-0.0828816,0.803831,-1.32991,0.0267069,0.992188,0.121873,0.13426,-0.807652,0.0932585,-0.582241,2.10255,0,0,0,1
133198518366126818,590.042,589.735,-0.588002,-0.0820214,0.804693,-1.32977,0.0268614,0.992318,0.120773,0.134441,-0.808416,0.0926303,-0.581279,2.1024,0,0,0,1
133198518366460016,590.042,589.735,-0.587623,-0.0811321,0.805059,-1.32965,0.0272475,0.992413,0.119901,0.13456,-0.808679,0.0923926,-0.580952,2.10237,0,0,0,1
133198518366793214,590.042,589.735,-0.587698,-0.0803776,0.80508,-1.32949,0.0282924,0.992404,0.119732,0.134624,-0.808588,0.0931442,-0.580958,2.10254,0,0,0,1
133198518367459609,590.042,589.735,-0.588495,-0.0799722,0.804538,-1.3292,0.0303603,0.99221,0.120834,0.134386,-0.807932,0.0955366,-0.581481,2.10292,0,0,0,1
133198518367792806,590.042,589.735,-0.589204,-0.0800371,0.804013,-1.32913,0.031334,0.992071,0.12172,0.134197,-0.807379,0.0969108,-0.582022,2.10303,0,0,0,1
133198518368126004,590.042,589.735,-0.589717,-0.0807539,0.803565,-1.32907,0.0316989,0.991908,0.122944,0.134033,-0.80699,0.0979744,-0.582384,2.10311,0,0,0,1
133198518368459201,590.042,589.735,-0.589851,-0.0813574,0.803405,-1.3291,0.0314488,0.991844,0.123529,0.133882,-0.806902,0.0981297,-0.582479,2.10302,0,0,0,1
133198518368792399,590.042,589.735,-0.589632,-0.0816387,0.803537,-1.32921,0.0311226,0.991844,0.123608,0.133859,-0.807074,0.0978913,-0.582281,2.10289,0,0,0,1
133198518369125597,590.042,589.735,-0.589167,-0.0820649,0.803835,-1.32929,0.0307906,0.991827,0.123825,0.133844,-0.807427,0.0977041,-0.581824,2.10271,0,0,0,1
133198518369458794,590.042,589.735,-0.588893,-0.0823616,0.804006,-1.3293,0.0306687,0.991802,0.124062,0.133782,-0.807632,0.0977172,-0.581537,2.10253,0,0,0,1
133198518369791992,590.042,589.735,-0.588946,-0.0825046,0.803952,-1.32929,0.0306045,0.991787,0.1242,0.133759,-0.807595,0.0977518,-0.581582,2.10237,0,0,0,1
133198518370125189,590.042,589.735,-0.589292,-0.0824003,0.803709,-1.32923,0.0305875,0.991798,0.124111,0.133785,-0.807343,0.0977213,-0.581937,2.10227,0,0,0,1
133198518370458386,590.042,589.735,-0.589591,-0.082092,0.803521,-1.32909,0.030485,0.991852,0.123701,0.133847,-0.807129,0.0974286,-0.582283,2.10206,0,0,0,1
133198518370791585,590.042,589.735,-0.589531,-0.0818865,0.803587,-1.32897,0.0302576,0.991913,0.123274,0.133994,-0.807182,0.0969887,-0.582283,2.10181,0,0,0,1
133198518371124782,590.042,589.735,-0.589251,-0.0813324,0.803848,-1.3288,0.0300686,0.992025,0.122413,0.134096,-0.807393,0.0963027,-0.582104,2.10149,0,0,0,1
133198518371457980,590.042,589.735,-0.588916,-0.0811308,0.804114,-1.32859,0.0297441,0.9921,0.121881,0.134268,-0.807649,0.0956955,-0.581848,2.10116,0,0,0,1
133198518372790770,590.042,589.735,-0.588361,-0.0803614,0.804598,-1.32736,0.028676,0.992351,0.120083,0.134516,-0.808092,0.0937247,-0.581554,2.09998,0,0,0,1
133198518373123967,590.042,589.735,-0.588417,-0.0798906,0.804603,-1.32693,0.0287683,0.992409,0.119577,0.134606,-0.808047,0.0935081,-0.58165,2.09971,0,0,0,1
133198518373457165,590.042,589.735,-0.588577,-0.0794905,0.804526,-1.32648,0.0290301,0.992436,0.119294,0.134684,-0.807922,0.0935695,-0.581816,2.09949,0,0,0,1
133198518373790363,590.042,589.735,-0.588783,-0.0793509,0.804389,-1.32587,0.0290832,0.992447,0.11919,0.134549,-0.80777,0.0935714,-0.582026,2.0992,0,0,0,1
133198518374123560,590.042,589.735,-0.58881,-0.0792626,0.804378,-1.32537,0.0289822,0.992471,0.119012,0.134655,-0.807754,0.0933881,-0.582078,2.09899,0,0,0,1
133198518375123153,590.042,589.735,-0.588392,-0.0780503,0.804802,-1.32381,0.0297651,0.992566,0.118021,0.134848,-0.80803,0.0933976,-0.581692,2.0983,0,0,0,1
133198518375456350,590.042,589.735,-0.58868,-0.0780089,0.804595,-1.32332,0.0298909,0.992553,0.118101,0.134853,-0.807815,0.0935742,-0.581963,2.09816,0,0,0,1
133198518375789548,590.042,589.735,-0.58913,-0.0783793,0.80423,-1.32289,0.0298094,0.9925,0.118564,0.134853,-0.80749,0.0938233,-0.582373,2.098,0,0,0,1
133198518376122746,590.042,589.735,-0.589391,-0.078473,0.80403,-1.32229,0.029744,0.992489,0.11867,0.13479,-0.807303,0.0938583,-0.582628,2.09793,0,0,0,1
133198518376455943,590.042,589.735,-0.589622,-0.0784468,0.803862,-1.32328,0.0294944,0.992519,0.11849,0.134413,-0.807142,0.093574,-0.582895,2.09726,0,0,0,1
133198518376789141,590.042,589.735,-0.589359,-0.0789862,0.804002,-1.32283,0.0290715,0.992493,0.118813,0.134361,-0.80735,0.0933975,-0.582636,2.09702,0,0,0,1
133198518377122338,590.042,589.735,-0.588916,-0.0798433,0.804242,-1.32224,0.0288097,0.992403,0.119619,0.134304,-0.807682,0.0936158,-0.58214,2.0968,0,0,0,1
133198518378455127,590.042,589.735,-0.587762,-0.0793944,0.80513,-1.31898,0.028925,0.992477,0.118984,0.134737,-0.808518,0.0932227,-0.581041,2.09602,0,0,0,1
133198518378788326,590.042,589.735,-0.587413,-0.0788161,0.805442,-1.31849,0.0291163,0.992545,0.118359,0.13485,-0.808765,0.0929772,-0.580737,2.09574,0,0,0,1
133198518379121524,590.042,589.735,-0.587092,-0.0784234,0.805714,-1.31805,0.0291342,0.992606,0.117843,0.134951,-0.808997,0.0926585,-0.580465,2.09548,0,0,0,1
133198518379454721,590.042,589.735,-0.586827,-0.0779122,0.805957,-1.31766,0.0291922,0.992679,0.117217,0.135057,-0.809188,0.0923139,-0.580254,2.09527,0,0,0,1
133198518379787918,590.042,589.735,-0.586629,-0.0776616,0.806125,-1.31734,0.0293625,0.992699,0.117003,0.135099,-0.809325,0.0923074,-0.580064,2.0951,0,0,0,1
133198518380121116,590.042,589.735,-0.586517,-0.0775907,0.806213,-1.31711,0.0293845,0.992709,0.116915,0.13513,-0.809404,0.0922634,-0.579959,2.09495,0,0,0,1
133198518380454314,590.042,589.735,-0.586443,-0.0777279,0.806256,-1.31692,0.0291842,0.992713,0.116931,0.135102,-0.809468,0.0921036,-0.579899,2.09479,0,0,0,1
133198518381787104,590.042,589.735,-0.58529,-0.0791122,0.806958,-1.31657,0.0282253,0.992639,0.117788,0.134947,-0.810336,0.0917167,-0.578747,2.09437,0,0,0,1
133198518382120302,590.042,589.735,-0.585632,-0.0796328,0.806659,-1.31653,0.0276249,0.992625,0.118047,0.135003,-0.810109,0.0914162,-0.579111,2.09446,0,0,0,1
133198518382453499,590.042,589.735,-0.585832,-0.0798819,0.806489,-1.31645,0.027134,0.992641,0.11803,0.135065,-0.809981,0.0910292,-0.579351,2.09459,0,0,0,1
133198518382786697,590.042,589.735,-0.585908,-0.0794318,0.806478,-1.31637,0.0276815,0.992643,0.117878,0.135056,-0.809908,0.0913905,-0.579397,2.0947,0,0,0,1
133198518383119894,590.042,589.735,-0.586103,-0.0792946,0.80635,-1.31632,0.0283114,0.992589,0.118187,0.135045,-0.809745,0.092099,-0.579513,2.09487,0,0,0,1
133198518384119487,590.042,589.735,-0.587503,-0.0798942,0.805272,-1.31619,0.0282174,0.992488,0.119055,0.134935,-0.808733,0.0926682,-0.580833,2.09515,0,0,0,1
133198518385452277,590.042,589.735,-0.586831,-0.0802379,0.805727,-1.31639,0.0271158,0.992574,0.118594,0.13506,-0.809259,0.0914429,-0.580296,2.095,0,0,0,1
133198518386118672,590.042,589.735,-0.586705,-0.0803567,0.805807,-1.3165,0.0268788,0.992586,0.118553,0.135067,-0.809358,0.0912149,-0.580193,2.09494,0,0,0,1
133198518386451869,590.042,589.735,-0.58642,-0.0804099,0.806009,-1.31663,0.0266236,0.992611,0.118396,0.135089,-0.809573,0.0908888,-0.579944,2.09485,0,0,0,1
133198518386785067,590.042,589.735,-0.585889,-0.0802657,0.80641,-1.3168,0.0264263,0.992663,0.118004,0.135163,-0.809964,0.0904478,-0.579467,2.09473,0,0,0,1
133198518387118265,590.042,589.735,-0.585296,-0.0802358,0.806843,-1.317,0.0261194,0.992711,0.117667,0.135252,-0.810402,0.0899443,-0.578932,2.09467,0,0,0,1
133198518387784660,590.042,589.735,-0.584928,-0.0804379,0.80709,-1.31746,0.0258804,0.992714,0.117695,0.135199,-0.810675,0.089731,-0.578583,2.09469,0,0,0,1
133198518388117857,590.042,589.735,-0.584998,-0.0806652,0.807017,-1.31773,0.0258115,0.992688,0.117934,0.135154,-0.810628,0.0898216,-0.578636,2.09475,0,0,0,1
133198518388451055,590.042,589.735,-0.58501,-0.0809118,0.806984,-1.318,0.0257294,0.992661,0.118181,0.135144,-0.810622,0.0899001,-0.578632,2.09488,0,0,0,1
133198518388784253,590.042,589.735,-0.585082,-0.0813175,0.80689,-1.31833,0.0254245,0.992633,0.118472,0.135108,-0.810579,0.0898307,-0.578702,2.09492,0,0,0,1
133198518389117450,590.042,589.735,-0.585179,-0.0819308,0.806758,-1.31861,0.0249442,0.992594,0.118897,0.135018,-0.810523,0.0897001,-0.5788,2.09496,0,0,0,1
133198518389450648,590.042,589.735,-0.585116,-0.0823852,0.806757,-1.31897,0.0246157,0.992565,0.119213,0.135009,-0.810579,0.0896122,-0.578736,2.09502,0,0,0,1
133198518389783846,590.042,589.735,-0.584906,-0.0825568,0.806892,-1.3193,0.0243621,0.992571,0.119214,0.135051,-0.810738,0.0893869,-0.578548,2.09512,0,0,0,1
133198518390117043,590.042,589.735,-0.584937,-0.0822569,0.8069,-1.31949,0.0244609,0.992604,0.11892,0.135065,-0.810713,0.0892983,-0.578597,2.09515,0,0,0,1
133198518391116636,590.042,589.735,-0.585408,-0.0823244,0.806552,-1.32049,0.0234076,0.992702,0.118314,0.135156,-0.810404,0.0881418,-0.579206,2.0954,0,0,0,1
133198518391449833,590.042,589.735,-0.584866,-0.0826237,0.806914,-1.321,0.0233831,0.992669,0.118593,0.135107,-0.810796,0.088229,-0.578645,2.09543,0,0,0,1
133198518391783031,590.042,589.735,-0.584419,-0.0828462,0.807216,-1.32149,0.0233579,0.992647,0.118788,0.135054,-0.81112,0.0882772,-0.578184,2.09551,0,0,0,1
133198518392116228,590.042,589.735,-0.584408,-0.0832606,0.80718,-1.32191,0.0232508,0.992597,0.11922,0.13494,-0.81113,0.0884411,-0.578144,2.09563,0,0,0,1
133198518392449426,590.042,589.735,-0.584743,-0.0836575,0.806896,-1.32234,0.0230367,0.992557,0.119601,0.134948,-0.810895,0.0885241,-0.578461,2.09578,0,0,0,1
133198518392782623,590.042,589.735,-0.584987,-0.0837022,0.806715,-1.32267,0.0228525,0.992566,0.119557,0.134904,-0.810724,0.0883749,-0.578723,2.0959,0,0,0,1
133198518393449018,590.042,589.735,-0.584236,-0.0843153,0.807195,-1.32346,0.0224538,0.99253,0.119926,0.134888,-0.811276,0.0881898,-0.577977,2.09591,0,0,0,1
133198518393782216,590.042,589.735,-0.582921,-0.0848163,0.808093,-1.32383,0.0222759,0.992496,0.12024,0.134846,-0.812227,0.0880915,-0.576655,2.09574,0,0,0,1
133198518394115414,590.042,589.735,-0.581429,-0.0853724,0.809109,-1.32413,0.0221239,0.992454,0.120616,0.134776,-0.813299,0.0880306,-0.575151,2.0955,0,0,0,1
133198518394448611,590.042,589.735,-0.580108,-0.0858129,0.810009,-1.32429,0.0222529,0.992396,0.121072,0.134637,-0.814238,0.08826,-0.573786,2.0952,0,0,0,1
133198518394781809,590.042,589.735,-0.578426,-0.0871473,0.81107,-1.32438,0.0218888,0.992263,0.122226,0.134506,-0.815445,0.0884522,-0.572041,2.09487,0,0,0,1
133198518395115006,590.042,589.735,-0.576513,-0.0878681,0.812352,-1.32434,0.0218085,0.992193,0.122798,0.134465,-0.8168,0.088511,-0.570095,2.09454,0,0,0,1
133198518395448204,590.042,589.735,-0.574886,-0.0876886,0.813525,-1.32419,0.0219724,0.992229,0.122478,0.1345,-0.817942,0.0882861,-0.56849,2.09422,0,0,0,1
133198518395781401,590.042,589.735,-0.573743,-0.0876669,0.814333,-1.32394,0.0222164,0.992225,0.122471,0.134483,-0.818737,0.0883585,-0.567333,2.09398,0,0,0,1
133198518396114599,590.042,589.735,-0.573195,-0.0875679,0.81473,-1.3237,0.0225952,0.992208,0.12254,0.134449,-0.819111,0.0886485,-0.566748,2.09378,0,0,0,1
133198518396447797,590.042,589.735,-0.572646,-0.088461,0.815019,-1.32338,0.0221353,0.992132,0.123237,0.134345,-0.819507,0.088612,-0.566181,2.09359,0,0,0,1
133198518396780994,590.042,589.735,-0.571951,-0.0895398,0.815389,-1.32309,0.0214063,0.992059,0.123955,0.134231,-0.820011,0.088351,-0.56549,2.09338,0,0,0,1
133198518397114191,590.042,589.735,-0.571498,-0.0898358,0.815675,-1.32275,0.0204488,0.992124,0.123597,0.134239,-0.820352,0.0873147,-0.565157,2.09321,0,0,0,1
133198518397447389,590.042,589.735,-0.570943,-0.0903097,0.81601,-1.32237,0.0190182,0.992211,0.123117,0.134355,-0.820772,0.0858118,-0.564777,2.09317,0,0,0,1
133198518397780587,590.042,589.735,-0.571018,-0.0895893,0.816038,-1.32199,0.018753,0.992346,0.122068,0.13451,-0.820727,0.085006,-0.564965,2.09338,0,0,0,1
133198518398113784,590.042,589.735,-0.571548,-0.0887171,0.815761,-1.32164,0.0189642,0.992446,0.121218,0.134646,-0.820351,0.0847523,-0.565546,2.09384,0,0,0,1
133198518398446982,590.042,589.735,-0.573294,-0.0875116,0.814666,-1.32138,0.0200774,0.992482,0.120741,0.134584,-0.819106,0.0855761,-0.567225,2.09443,0,0,0,1
133198518398780179,590.042,589.735,-0.575396,-0.0875892,0.813174,-1.32138,0.0199988,0.992446,0.12105,0.134509,-0.817632,0.0859137,-0.569296,2.09505,0,0,0,1
133198518399113377,590.042,589.735,-0.577216,-0.0886158,0.811771,-1.32164,0.018676,0.992403,0.121613,0.134373,-0.816379,0.0853576,-0.571174,2.09563,0,0,0,1
133198518400112969,590.042,589.735,-0.579016,-0.0930812,0.809988,-1.32358,0.0134671,0.992235,0.123651,0.134019,-0.815207,0.0825038,-0.573265,2.09721,0,0,0,1
133198518400446167,590.042,589.735,-0.579965,-0.0929422,0.809324,-1.3243,0.0131083,0.992278,0.123345,0.134025,-0.814537,0.0821449,-0.574267,2.09784,0,0,0,1
133198518400779365,590.042,589.735,-0.581393,-0.0929423,0.808299,-1.32503,0.0125364,0.992313,0.123118,0.13414,-0.813527,0.0817128,-0.575758,2.09847,0,0,0,1
133198518401112561,590.042,589.735,-0.582964,-0.0926597,0.807199,-1.3258,0.0120309,0.992384,0.122605,0.134241,-0.81241,0.0811859,-0.577408,2.09898,0,0,0,1
133198518401445760,590.042,589.735,-0.583922,-0.0929627,0.806472,-1.32667,0.0110191,0.992424,0.122375,0.134233,-0.811736,0.0803441,-0.578472,2.09917,0,0,0,1
133198518401778958,590.042,589.735,-0.583501,-0.0945428,0.806593,-1.32768,0.00920575,0.992368,0.122977,0.134144,-0.812062,0.0791822,-0.578176,2.09901,0,0,0,1
133198518402778550,590.042,589.735,-0.578699,-0.095042,0.809986,-1.33026,0.00428811,0.992819,0.119558,0.13451,-0.815531,0.0726615,-0.574135,2.09772,0,0,0,1
133198518403111748,590.042,589.735,-0.578378,-0.0950383,0.810216,-1.33081,0.00340085,0.992901,0.118895,0.134593,-0.815763,0.0715214,-0.573948,2.09726,0,0,0,1
133198518403444945,590.042,589.735,-0.577864,-0.0965565,0.810403,-1.33116,0.00226082,0.992785,0.119898,0.134445,-0.816131,0.0711168,-0.573475,2.09662,0,0,0,1
133198518403778142,590.042,589.735,-0.576898,-0.0975556,0.810972,-1.33133,0.00156675,0.992709,0.120532,0.134442,-0.816816,0.070805,-0.572538,2.09589,0,0,0,1
133198518404111340,590.042,589.735,-0.575944,-0.0968833,0.811731,-1.33119,0.00153538,0.992824,0.119586,0.134613,-0.81749,0.070121,-0.57166,2.09507,0,0,0,1
133198518404444538,590.042,589.735,-0.575573,-0.0948598,0.812232,-1.33076,0.00185855,0.993096,0.117299,0.134893,-0.817749,0.0690236,-0.571422,2.09435,0,0,0,1
133198518405444130,590.042,589.735,-0.576201,-0.0891974,0.812428,-1.32823,0.00304442,0.993787,0.111267,0.135967,-0.817304,0.0665857,-0.572348,2.0927,0,0,0,1
133198518405777328,590.042,589.735,-0.575393,-0.0876264,0.813172,-1.32726,0.00400863,0.993931,0.10994,0.136179,-0.817869,0.0665186,-0.571548,2.09202,0,0,0,1
133198518406110526,590.042,589.735,-0.573234,-0.0865605,0.814809,-1.32644,0.00379098,0.994115,0.108275,0.136414,-0.819384,0.065156,-0.569531,2.09121,0,0,0,1
133198518406443723,590.042,589.735,-0.570284,-0.0860338,0.816932,-1.32567,0.00313812,0.994266,0.106899,0.136621,-0.821442,0.0635268,-0.566743,2.09033,0,0,0,1
133198518406776921,590.042,589.735,-0.567204,-0.0857896,0.819099,-1.32488,0.00266048,0.994365,0.105988,0.136795,-0.823575,0.062296,-0.563778,2.08956,0,0,0,1
133198518407110118,590.042,589.735,-0.564275,-0.0865779,0.821037,-1.32406,0.00256892,0.994298,0.106613,0.136732,-0.825584,0.0622683,-0.560834,2.08896,0,0,0,1
133198518407443316,590.042,589.735,-0.562046,-0.0873698,0.822481,-1.32313,0.00404446,0.994104,0.108364,0.136481,-0.827098,0.0642321,-0.558377,2.08856,0,0,0,1
133198518407776513,590.042,589.735,-0.560925,-0.0880816,0.82317,-1.32203,0.00606366,0.993861,0.110477,0.136179,-0.827845,0.0669608,-0.556946,2.08826,0,0,0,1
133198518408442909,590.042,589.735,-0.55983,-0.0876407,0.823962,-1.31977,0.00876359,0.99371,0.11165,0.135925,-0.828562,0.0697256,-0.555539,2.08732,0,0,0,1
133198518408776106,590.042,589.735,-0.558748,-0.0868607,0.824778,-1.31885,0.00959584,0.993757,0.111157,0.13597,-0.829283,0.070023,-0.554426,2.08659,0,0,0,1
133198518409109304,590.042,589.735,-0.556953,-0.0860702,0.826075,-1.31821,0.00943736,0.993897,0.109918,0.136048,-0.830492,0.0690153,-0.55274,2.08568,0,0,0,1
133198518409442501,590.042,589.735,-0.55469,-0.0858063,0.827623,-1.31787,0.00871628,0.994015,0.108899,0.136104,-0.832013,0.0676188,-0.550622,2.0847,0,0,0,1
133198518409775699,590.042,589.735,-0.552094,-0.0854234,0.829397,-1.31778,0.00789572,0.994159,0.107648,0.136195,-0.833746,0.0659804,-0.548193,2.08378,0,0,0,1
133198518410108897,590.042,589.735,-0.549464,-0.0844997,0.831236,-1.31788,0.00780576,0.994311,0.106236,0.136344,-0.835482,0.0648613,-0.545677,2.08303,0,0,0,1
133198518410442094,590.042,589.735,-0.547093,-0.0839199,0.832857,-1.31809,0.00789417,0.994401,0.105382,0.136401,-0.837036,0.0642285,-0.543367,2.08248,0,0,0,1
133198518410775291,590.042,589.735,-0.545265,-0.0840835,0.834038,-1.31838,0.00822612,0.994373,0.105625,0.136371,-0.838225,0.0644544,-0.541504,2.08221,0,0,0,1
133198518411108489,590.042,589.735,-0.544677,-0.0852994,0.834299,-1.31859,0.00880377,0.994179,0.107393,0.136179,-0.838601,0.0658393,-0.540755,2.0822,0,0,0,1
133198518411441687,590.042,589.735,-0.544732,-0.0860415,0.834187,-1.3187,0.00906163,0.994062,0.108448,0.13602,-0.838563,0.0666342,-0.540716,2.08229,0,0,0,1
133198518411774884,590.042,589.735,-0.544902,-0.0859723,0.834083,-1.31877,0.00904098,0.99407,0.108369,0.136041,-0.838452,0.0665913,-0.540892,2.08243,0,0,0,1
133198518412108082,590.042,589.735,-0.545161,-0.0857914,0.833932,-1.31877,0.00923162,0.994076,0.108301,0.136118,-0.838282,0.0667397,-0.541138,2.08257,0,0,0,1
133198518412441279,590.042,589.735,-0.545595,-0.0850869,0.833721,-1.31871,0.00979647,0.994118,0.107867,0.136214,-0.837993,0.067019,-0.541551,2.08279,0,0,0,1
133198518412774477,590.042,589.735,-0.546605,-0.084413,0.833127,-1.31862,0.0107692,0.994117,0.107789,0.136284,-0.837323,0.0678904,-0.542479,2.08313,0,0,0,1
133198518413107674,590.042,589.735,-0.548371,-0.0839991,0.832008,-1.31843,0.0119628,0.994054,0.108243,0.136217,-0.836151,0.0693104,-0.544104,2.08359,0,0,0,1
133198518413440872,590.042,589.735,-0.55058,-0.0835969,0.830588,-1.31817,0.013146,0.993983,0.108756,0.136116,-0.83468,0.0707976,-0.546167,2.08403,0,0,0,1
133198518413774069,590.042,589.735,-0.552827,-0.0830218,0.829152,-1.31788,0.0142152,0.993941,0.108999,0.136075,-0.833176,0.0720439,-0.548296,2.08444,0,0,0,1
133198518414773662,590.042,589.735,-0.556993,-0.0803042,0.826628,-1.3175,0.0161508,0.99408,0.107454,0.136398,-0.830361,0.0732014,-0.552398,2.08514,0,0,0,1
133198518415106860,590.042,589.735,-0.557362,-0.0797684,0.826431,-1.31761,0.0160936,0.99415,0.10681,0.13646,-0.830115,0.0728319,-0.552816,2.08522,0,0,0,1
133198518415440058,590.042,589.735,-0.557492,-0.0795409,0.826365,-1.31784,0.0162404,0.994165,0.106648,0.136503,-0.830024,0.072876,-0.552947,2.08536,0,0,0,1
133198518415773255,590.042,589.735,-0.557676,-0.0801457,0.826183,-1.31811,0.0160314,0.994103,0.107256,0.136348,-0.829905,0.0730587,-0.553101,2.0855,0,0,0,1
133198518416106452,590.042,589.735,-0.557917,-0.0813875,0.825899,-1.31847,0.0151916,0.994013,0.108216,0.136228,-0.829759,0.072922,-0.553338,2.08574,0,0,0,1
133198518416439650,590.042,589.735,-0.558093,-0.0826031,0.825658,-1.31884,0.0146454,0.993898,0.109333,0.136086,-0.82965,0.0731103,-0.553477,2.08603,0,0,0,1
133198518416772848,590.042,589.735,-0.558228,-0.0835381,0.825474,-1.31916,0.0147638,0.993761,0.110552,0.135943,-0.829558,0.0739005,-0.553511,2.08636,0,0,0,1
133198518417106045,590.042,589.735,-0.558329,-0.0839926,0.825359,-1.31946,0.0151319,0.993666,0.111356,0.135862,-0.829482,0.0746625,-0.553521,2.08671,0,0,0,1
133198518417439243,590.042,589.735,-0.558715,-0.0842154,0.825075,-1.3197,0.015799,0.993571,0.112112,0.135742,-0.829211,0.0756737,-0.553791,2.08702,0,0,0,1
133198518417772440,590.042,589.735,-0.559135,-0.0842862,0.824784,-1.3199,0.0163281,0.993507,0.112597,0.135666,-0.828918,0.0764238,-0.554127,2.08737,0,0,0,1
133198518418105638,590.042,589.735,-0.559673,-0.0840765,0.82444,-1.32004,0.0168439,0.993482,0.112749,0.135584,-0.828544,0.0769894,-0.554608,2.08769,0,0,0,1
133198518418438836,590.042,589.735,-0.560301,-0.0842591,0.823995,-1.32023,0.0169518,0.993439,0.113112,0.13557,-0.828117,0.077345,-0.555195,2.08803,0,0,0,1
133198518418772033,590.042,589.735,-0.560777,-0.0844488,0.823651,-1.32047,0.0170277,0.993399,0.113446,0.135559,-0.827793,0.0776426,-0.555636,2.08832,0,0,0,1
133198518419105230,590.042,589.735,-0.561069,-0.084736,0.823423,-1.32071,0.0171702,0.993342,0.113921,0.135442,-0.827592,0.0780558,-0.555877,2.08851,0,0,0,1
133198518419438428,590.042,589.735,-0.561121,-0.0855206,0.823306,-1.32098,0.0169979,0.993249,0.114758,0.13532,-0.827561,0.0783872,-0.555878,2.08871,0,0,0,1
133198518419771626,590.042,589.735,-0.561256,-0.0862622,0.823137,-1.32124,0.0166929,0.993172,0.115463,0.135188,-0.827475,0.0785448,-0.555983,2.0888,0,0,0,1
133198518420104823,590.042,589.735,-0.56151,-0.0865453,0.822934,-1.32144,0.0162631,0.99317,0.115545,0.135168,-0.827311,0.0782628,-0.556266,2.08891,0,0,0,1
133198518420438021,590.042,589.735,-0.561621,-0.0864685,0.822866,-1.32167,0.0158668,0.993217,0.115198,0.135232,-0.827244,0.0777537,-0.556438,2.08895,0,0,0,1
133198518420771219,590.042,589.735,-0.561304,-0.0864244,0.823087,-1.32191,0.0156006,0.993252,0.11493,0.135281,-0.827464,0.0773511,-0.556167,2.08898,0,0,0,1
133198518421104416,590.042,589.735,-0.560608,-0.0862829,0.823576,-1.32212,0.0155289,0.993287,0.114633,0.135344,-0.827937,0.0770533,-0.555504,2.08895,0,0,0,1
133198518421437613,590.042,589.735,-0.5599,-0.0862897,0.824057,-1.32238,0.0153388,0.993313,0.114434,0.135384,-0.82842,0.0767117,-0.554831,2.08894,0,0,0,1
133198518422770404,590.042,589.735,-0.558473,-0.0861575,0.825039,-1.32307,0.0150871,0.993373,0.113948,0.135605,-0.829387,0.0760843,-0.553471,2.08907,0,0,0,1
133198518423103601,590.042,589.735,-0.557855,-0.0860079,0.825472,-1.32322,0.0150529,0.993404,0.113677,0.135698,-0.829803,0.0758412,-0.55288,2.08899,0,0,0,1
133198518423436799,590.042,589.735,-0.557231,-0.0859069,0.825904,-1.3234,0.0148608,0.993444,0.11336,0.135824,-0.830226,0.0754411,-0.5523,2.08889,0,0,0,1
133198518423769997,590.042,589.735,-0.556709,-0.0856514,0.826283,-1.32345,0.0148174,0.993489,0.112966,0.135824,-0.830577,0.0751326,-0.551814,2.08878,0,0,0,1
133198518424103194,590.042,589.735,-0.556014,-0.0853442,0.826782,-1.32353,0.014429,0.993575,0.112264,0.135871,-0.831049,0.0743499,-0.551208,2.08871,0,0,0,1
133198518424436391,590.042,589.735,-0.555192,-0.0857672,0.827291,-1.32375,0.0136473,0.993597,0.112166,0.135963,-0.831612,0.0735642,-0.550465,2.08857,0,0,0,1
133198518424769590,590.042,589.735,-0.554211,-0.0858302,0.827941,-1.32381,0.0134095,0.993621,0.111981,0.136015,-0.832269,0.0731634,-0.549523,2.08848,0,0,0,1
133198518425102787,590.042,589.735,-0.553187,-0.0855913,0.828651,-1.32382,0.0137628,0.993634,0.111819,0.136043,-0.832945,0.0732615,-0.548486,2.08847,0,0,0,1
133198518425435984,590.042,589.735,-0.552777,-0.0851036,0.828974,-1.32372,0.0144934,0.993641,0.111672,0.136091,-0.833204,0.0737445,-0.548027,2.0885,0,0,0,1
133198518425769182,590.042,589.735,-0.55332,-0.0841911,0.828705,-1.32347,0.0151917,0.993695,0.111096,0.136145,-0.832832,0.0740608,-0.548551,2.08865,0,0,0,1
133198518426102379,590.042,589.735,-0.554345,-0.0835738,0.828082,-1.32322,0.0155874,0.99373,0.110726,0.136226,-0.832142,0.074288,-0.549566,2.08887,0,0,0,1
133198518428101565,590.042,589.735,-0.554235,-0.0818253,0.82833,-1.32257,0.0168779,0.993848,0.109468,0.136356,-0.83219,0.0746515,-0.549443,2.08895,0,0,0,1
133198518428434762,590.042,589.735,-0.554507,-0.0812978,0.8282,-1.32246,0.0172259,0.993883,0.109094,0.1364,-0.832001,0.0747601,-0.549714,2.08898,0,0,0,1
133198518429101157,590.042,589.735,-0.554926,-0.0808307,0.827966,-1.32237,0.0181258,0.993859,0.109174,0.13637,-0.831704,0.0755907,-0.550051,2.08906,0,0,0,1
133198518429434355,590.042,589.735,-0.555275,-0.0807946,0.827735,-1.32231,0.0184477,0.99383,0.109382,0.136332,-0.831463,0.0760067,-0.550357,2.08911,0,0,0,1
133198518429767552,590.042,589.735,-0.555631,-0.0807029,0.827505,-1.32227,0.0186805,0.993816,0.109465,0.136314,-0.831221,0.07628,-0.550686,2.08912,0,0,0,1
133198518430433948,590.042,589.735,-0.555558,-0.0801192,0.827611,-1.32226,0.0191559,0.993851,0.109071,0.136398,-0.831259,0.0764486,-0.550605,2.08911,0,0,0,1
133198518430767145,590.042,589.735,-0.55556,-0.0802583,0.827597,-1.32235,0.0191838,0.99383,0.109256,0.136298,-0.831257,0.0765749,-0.55059,2.089,0,0,0,1
133198518431766738,590.042,589.735,-0.556597,-0.0803184,0.826893,-1.32252,0.0188405,0.993841,0.109215,0.136259,-0.83057,0.0763679,-0.551654,2.08886,0,0,0,1
133198518432099936,590.042,589.735,-0.556703,-0.0801559,0.826837,-1.32265,0.0187897,0.993865,0.108998,0.136274,-0.8305,0.0762157,-0.55178,2.08877,0,0,0,1
133198518432766330,590.042,589.735,-0.556961,-0.0805953,0.826621,-1.32306,0.0183479,0.993845,0.109261,0.136141,-0.830337,0.0760209,-0.552053,2.08859,0,0,0,1
133198518436098306,590.042,589.735,-0.557383,-0.0809915,0.826298,-1.32383,0.0184428,0.993778,0.109847,0.136142,-0.830052,0.0764662,-0.55242,2.08853,0,0,0,1
133198518436431503,590.042,589.735,-0.557639,-0.0809011,0.826134,-1.3238,0.0184868,0.993783,0.109796,0.136157,-0.829879,0.076499,-0.552675,2.08858,0,0,0,1
