133198518318762866,0.0666416,0.609709,-0.789819,-1.2909,-0.988494,-0.0673845,-0.135423,0.131919,-0.13579,0.789756,0.598203,2.12353,0,0,0,1
133198518319097803,0.0680751,0.611124,-0.788602,-1.29063,-0.988135,-0.0677787,-0.137824,0.131536,-0.137678,0.788628,0.599259,2.12392,0,0,0,1
133198518319429004,0.0689405,0.612607,-0.787375,-1.29036,-0.987753,-0.0688163,-0.140027,0.131212,-0.139966,0.787386,0.60036,2.12429,0,0,0,1
133198518319753126,0.0688738,0.613598,-0.786609,-1.29011,-0.98758,-0.0696777,-0.140823,0.131102,-0.141218,0.786538,0.601178,2.12463,0,0,0,1
133198518320082778,0.0691762,0.614406,-0.785952,-1.28984,-0.987483,-0.069768,-0.141454,0.131052,-0.141745,0.785899,0.601889,2.12486,0,0,0,1
133198518320410566,0.0695519,0.614954,-0.78549,-1.28966,-0.987488,-0.0692691,-0.141668,0.131132,-0.14153,0.785515,0.602442,2.12508,0,0,0,1
133198518320741714,0.0689071,0.615411,-0.785189,-1.2894,-0.987566,-0.0693942,-0.141057,0.131196,-0.141295,0.785146,0.602977,2.12535,0,0,0,1
133198518321075227,0.0680177,0.615744,-0.785005,-1.28918,-0.987627,-0.0698833,-0.140389,0.131246,-0.141303,0.784841,0.603372,2.1258,0,0,0,1
133198518321404927,0.0672601,0.616572,-0.78442,-1.28878,-0.987493,-0.0712252,-0.140657,0.131133,-0.142596,0.78407,0.60407,2.12638,0,0,0,1
133198518323054976,0.0640876,0.621309,-0.78094,-1.2884,-0.987312,-0.0744497,-0.140255,0.131266,-0.145282,0.780021,0.608655,2.12775,0,0,0,1
133198518323380469,0.0644213,0.620897,-0.78124,-1.28897,-0.987472,-0.0733423,-0.139717,0.131448,-0.144048,0.780453,0.608394,2.12762,0,0,0,1
133198518323711326,0.0638691,0.620744,-0.781407,-1.28954,-0.987734,-0.0724746,-0.138307,0.131702,-0.142485,0.780656,0.608501,2.12756,0,0,0,1
133198518324043107,0.0640467,0.621313,-0.780941,-1.29006,-0.987722,-0.0722673,-0.138501,0.131806,-0.142489,0.780223,0.609056,2.12755,0,0,0,1
133198518324374614,0.0631907,0.620934,-0.781312,-1.29084,-0.988048,-0.0713668,-0.136628,0.132138,-0.140597,0.780608,0.609003,2.12764,0,0,0,1
133198518324702555,0.0630976,0.620184,-0.781915,-1.2917,-0.988047,-0.0715976,-0.13652,0.132157,-0.140651,0.781182,0.608253,2.12765,0,0,0,1
133198518326685306,0.0708839,0.611135,-0.788346,-1.29708,-0.988831,-0.0608268,-0.136064,0.132822,-0.131106,0.789186,0.599998,2.1256,0,0,0,1
133198518327011252,0.07041,0.611273,-0.788282,-1.29752,-0.989063,-0.0598902,-0.134786,0.133029,-0.129601,0.789151,0.600371,2.12576,0,0,0,1
133198518327345311,0.0700741,0.612312,-0.787505,-1.29794,-0.989296,-0.0586367,-0.133622,0.133148,-0.127995,0.788439,0.601649,2.12605,0,0,0,1
133198518327674618,0.0715213,0.613208,-0.786677,-1.29853,-0.989367,-0.0565205,-0.134006,0.133235,-0.126637,0.787897,0.602646,2.1264,0,0,0,1
133198518328002465,0.0715162,0.611676,-0.78787,-1.29951,-0.989665,-0.0549147,-0.132467,0.133502,-0.124293,0.789201,0.601427,2.12682,0,0,0,1
133198518328331398,0.0728548,0.609264,-0.789614,-1.30075,-0.989752,-0.0533259,-0.132467,0.133567,-0.122814,0.791172,0.599135,2.1274,0,0,0,1
133198518328660775,0.0769321,0.607407,-0.790657,-1.30193,-0.989418,-0.0513304,-0.135705,0.133442,-0.123013,0.792731,0.597031,2.12817,0,0,0,1
133198518332622311,0.0935538,0.594258,-0.798815,-1.30655,-0.988304,-0.0416194,-0.146708,0.132885,-0.120428,0.803197,0.583413,2.13773,0,0,0,1
133198518335262985,0.0957997,0.58514,-0.805254,-1.29943,-0.988663,-0.0380274,-0.145252,0.133687,-0.115615,0.81004,0.574864,2.13321,0,0,0,1
133198518336735749,0.0926644,0.593659,-0.799364,-1.295,-0.988893,-0.0388252,-0.143469,0.133832,-0.116207,0.803779,0.583468,2.13221,0,0,0,1
133198518338252776,0.0925659,0.599297,-0.795157,-1.29342,-0.989113,-0.0364026,-0.142581,0.134056,-0.114394,0.799698,0.589404,2.13101,0,0,0,1
133198518341887088,0.0912269,0.593294,-0.7998,-1.29236,-0.989367,-0.0373551,-0.140559,0.134148,-0.11327,0.804119,0.583578,2.12879,0,0,0,1
133198518342216467,0.0899517,0.593269,-0.799963,-1.29184,-0.989342,-0.0391186,-0.140258,0.134005,-0.114504,0.804053,0.583427,2.12887,0,0,0,1
133198518342869244,0.0879887,0.592857,-0.800486,-1.29121,-0.989525,-0.040311,-0.138623,0.13408,-0.114452,0.804298,0.5831,2.12891,0,0,0,1
133198518343202056,0.0876478,0.592943,-0.80046,-1.29109,-0.989582,-0.040307,-0.138214,0.134126,-0.114217,0.804235,0.583233,2.12888,0,0,0,1
133198518343529106,0.0876476,0.593349,-0.800159,-1.29107,-0.989606,-0.040071,-0.138113,0.134118,-0.114013,0.803947,0.583669,2.1289,0,0,0,1
133198518343858765,0.0882717,0.593953,-0.799643,-1.29106,-0.989528,-0.0397491,-0.138758,0.13399,-0.114201,0.803517,0.584224,2.1289,0,0,0,1
133198518344190761,0.0890499,0.594338,-0.79927,-1.2911,-0.989452,-0.0392687,-0.139439,0.133952,-0.11426,0.803256,0.584572,2.12886,0,0,0,1
133198518344525134,0.0888337,0.594171,-0.799419,-1.29115,-0.98953,-0.0390139,-0.138957,0.134027,-0.113752,0.803392,0.584484,2.12873,0,0,0,1
133198518344852337,0.0881908,0.593672,-0.79986,-1.2912,-0.989758,-0.0382667,-0.137531,0.134277,-0.112256,0.803796,0.584217,2.12855,0,0,0,1
133198518345184996,0.0872685,0.593515,-0.800077,-1.2913,-0.990023,-0.0375149,-0.135816,0.134683,-0.110624,0.803948,0.58432,2.1283,0,0,0,1
133198518345512316,0.0864308,0.593537,-0.800152,-1.2913,-0.990243,-0.0369376,-0.134364,0.134895,-0.109306,0.803958,0.584554,2.1281,0,0,0,1
133198518345851743,0.0852823,0.593139,-0.800571,-1.29139,-0.990528,-0.0363157,-0.132424,0.135221,-0.107619,0.804281,0.584423,2.12787,0,0,0,1
133198518346564834,0.0818328,0.591139,-0.802408,-1.29156,-0.991239,-0.0354772,-0.127227,0.135964,-0.103676,0.805789,0.583057,2.12723,0,0,0,1
133198518346845895,0.0810978,0.590374,-0.803045,-1.29166,-0.991414,-0.0351336,-0.12595,0.136148,-0.102571,0.806365,0.582456,2.12702,0,0,0,1
133198518347489502,0.0822549,0.589098,-0.803864,-1.29212,-0.99137,-0.0342497,-0.126541,0.135974,-0.102077,0.807335,0.581197,2.12675,0,0,0,1
133198518347821164,0.0842213,0.588823,-0.803862,-1.29243,-0.991112,-0.0338695,-0.128649,0.135651,-0.102978,0.807552,0.580737,2.1267,0,0,0,1
133198518348158742,0.0866786,0.588386,-0.80392,-1.29271,-0.990763,-0.0335621,-0.131388,0.135214,-0.104288,0.807883,0.580042,2.12674,0,0,0,1
133198518348479523,0.0894437,0.58769,-0.804127,-1.29301,-0.990387,-0.0330539,-0.134319,0.134798,-0.105517,0.808411,0.579084,2.12679,0,0,0,1
133198518348811577,0.092176,0.586836,-0.804442,-1.29323,-0.989976,-0.0328158,-0.137374,0.134337,-0.107014,0.80904,0.577929,2.12683,0,0,0,1
133198518349143184,0.0945091,0.585939,-0.804825,-1.29337,-0.989657,-0.0323427,-0.13976,0.133991,-0.107921,0.809709,0.576822,2.12682,0,0,0,1
133198518349469007,0.0966564,0.584798,-0.8054,-1.29343,-0.989368,-0.0318956,-0.141894,0.133755,-0.108668,0.810552,0.575497,2.12678,0,0,0,1
133198518350166492,0.097832,0.581105,-0.807927,-1.29341,-0.989061,-0.0332816,-0.143703,0.133403,-0.110396,0.813148,0.571492,2.12677,0,0,0,1
133198518350459346,0.0988318,0.579521,-0.808942,-1.29337,-0.988795,-0.0342065,-0.14531,0.133176,-0.111882,0.814239,0.569647,2.12678,0,0,0,1
133198518351119786,0.101092,0.577527,-0.810089,-1.293,-0.988207,-0.0358409,-0.148872,0.132736,-0.115012,0.815585,0.567093,2.1268,0,0,0,1
133198518351453325,0.101131,0.576928,-0.81051,-1.29274,-0.988156,-0.0362583,-0.149106,0.132704,-0.115411,0.81599,0.566428,2.12671,0,0,0,1
133198518351779547,0.100706,0.576755,-0.810686,-1.29236,-0.988185,-0.0366379,-0.148821,0.132741,-0.115535,0.816095,0.566251,2.12661,0,0,0,1
133198518352168755,0.101022,0.576587,-0.810767,-1.2918,-0.988108,-0.0368012,-0.149291,0.132792,-0.115916,0.816207,0.566012,2.12652,0,0,0,1
133198518352443190,0.100522,0.576383,-0.810973,-1.29137,-0.988122,-0.0373904,-0.149055,0.132857,-0.116235,0.816324,0.565778,2.12646,0,0,0,1
133198518352770676,0.0993799,0.576099,-0.811316,-1.29076,-0.988234,-0.0381246,-0.148122,0.133072,-0.116264,0.81649,0.565532,2.12646,0,0,0,1
133198518353101870,0.0974272,0.576298,-0.811411,-1.29002,-0.988433,-0.0391767,-0.146508,0.13336,-0.116221,0.8163,0.565816,2.12652,0,0,0,1
133198518353428777,0.0952273,0.57708,-0.811117,-1.28907,-0.988624,-0.040467,-0.144858,0.133645,-0.116418,0.815685,0.566662,2.12671,0,0,0,1
133198518354421990,0.0871907,0.583185,-0.807647,-1.28567,-0.989218,-0.0450778,-0.139342,0.134573,-0.117669,0.811088,0.572967,2.12793,0,0,0,1
133198518359700607,0.077728,0.609616,-0.788877,-1.28368,-0.989726,-0.0480595,-0.134656,0.13703,-0.120002,0.791239,0.599618,2.13271,0,0,0,1
133198518363990644,0.077257,0.618288,-0.782145,-1.28893,-0.988351,-0.0556815,-0.141642,0.135658,-0.131126,0.783977,0.606784,2.13876,0,0,0,1
133198518364321322,0.0789064,0.616383,-0.783483,-1.28961,-0.988297,-0.0545528,-0.142451,0.13565,-0.130546,0.785555,0.604865,2.13841,0,0,0,1
133198518364649568,0.0806246,0.614021,-0.785161,-1.29023,-0.988301,-0.053071,-0.142987,0.135731,-0.129467,0.787503,0.602559,2.13795,0,0,0,1
133198518364982287,0.0820194,0.611544,-0.786948,-1.29062,-0.988344,-0.051702,-0.143188,0.135786,-0.128253,0.789519,0.600176,2.13743,0,0,0,1
133198518365328513,0.0824666,0.608912,-0.788939,-1.29096,-0.988467,-0.0509175,-0.142621,0.135967,-0.127015,0.791602,0.59769,2.13702,0,0,0,1
133198518365648561,0.081931,0.606901,-0.790543,-1.29113,-0.988606,-0.0510116,-0.14162,0.136137,-0.126276,0.793139,0.595806,2.13669,0,0,0,1
133198518367290329,0.0788138,0.605241,-0.792131,-1.29052,-0.988706,-0.0541462,-0.139744,0.136248,-0.127469,0.794198,0.594138,2.13691,0,0,0,1
133198518367619347,0.0785877,0.605899,-0.79165,-1.29039,-0.988545,-0.0552781,-0.140441,0.136033,-0.128854,0.793619,0.594614,2.13703,0,0,0,1
133198518368287327,0.0796521,0.606918,-0.790763,-1.29025,-0.988207,-0.055994,-0.142516,0.135655,-0.130774,0.792789,0.595301,2.13711,0,0,0,1
133198518368610251,0.0801292,0.606867,-0.790754,-1.29035,-0.988183,-0.0556285,-0.142827,0.135625,-0.130666,0.792854,0.595238,2.13702,0,0,0,1
133198518368938596,0.0804785,0.606538,-0.790971,-1.29045,-0.988186,-0.0552846,-0.142938,0.135633,-0.130426,0.79313,0.594923,2.13687,0,0,0,1
133198518369272352,0.0808503,0.606112,-0.79126,-1.29051,-0.98817,-0.0550507,-0.14314,0.135586,-0.130318,0.793472,0.594491,2.1367,0,0,0,1
133198518369599402,0.0811117,0.605991,-0.791325,-1.29055,-0.988143,-0.0549479,-0.143364,0.135561,-0.130359,0.793571,0.594349,2.13653,0,0,0,1
133198518369931451,0.0811414,0.606173,-0.791183,-1.29053,-0.98814,-0.0549023,-0.143405,0.135564,-0.130366,0.793436,0.594529,2.13641,0,0,0,1
133198518370280875,0.0808856,0.606578,-0.790899,-1.29039,-0.988177,-0.0548896,-0.143159,0.135601,-0.130249,0.793127,0.594966,2.13621,0,0,0,1
133198518370592433,0.0806997,0.6067,-0.790824,-1.29027,-0.988237,-0.0547032,-0.142812,0.135725,-0.129904,0.793046,0.595149,2.136,0,0,0,1
133198518370918365,0.0802985,0.606534,-0.790992,-1.29012,-0.988338,-0.0545563,-0.142166,0.135813,-0.129382,0.793183,0.59508,2.13572,0,0,0,1
133198518371248581,0.0799145,0.60621,-0.791279,-1.28993,-0.988455,-0.0543153,-0.14144,0.136007,-0.128721,0.793447,0.594871,2.13542,0,0,0,1
133198518371579080,0.0797119,0.605895,-0.791541,-1.2897,-0.98855,-0.0540116,-0.140895,0.136156,-0.12812,0.793709,0.594652,2.13511,0,0,0,1
133198518372288565,0.0792849,0.605494,-0.791891,-1.28919,-0.988769,-0.0531869,-0.139664,0.136317,-0.126684,0.794071,0.594477,2.13446,0,0,0,1
133198518372568813,0.0792492,0.605423,-0.791949,-1.28885,-0.988802,-0.0530344,-0.139491,0.136325,-0.126452,0.794135,0.59444,2.13423,0,0,0,1
133198518372899373,0.0788937,0.605454,-0.791961,-1.28846,-0.98885,-0.0531183,-0.139116,0.136402,-0.126296,0.794106,0.594512,2.13396,0,0,0,1
133198518373228825,0.0784759,0.605489,-0.791975,-1.28804,-0.988905,-0.0532334,-0.138688,0.136496,-0.126133,0.794072,0.594593,2.13373,0,0,0,1
133198518373561130,0.0781274,0.60571,-0.79184,-1.28743,-0.988915,-0.05351,-0.138504,0.136353,-0.126265,0.793884,0.594816,2.13343,0,0,0,1
133198518373889103,0.0778942,0.605856,-0.791752,-1.28692,-0.988942,-0.0535718,-0.138288,0.136406,-0.126198,0.793768,0.594984,2.13322,0,0,0,1
133198518374245226,0.0779974,0.605775,-0.791804,-1.28644,-0.988971,-0.0532913,-0.138191,0.13656,-0.125909,0.793849,0.594937,2.13295,0,0,0,1
133198518374550697,0.0777471,0.60549,-0.792046,-1.28597,-0.989,-0.0534286,-0.137924,0.136564,-0.12583,0.794057,0.594676,2.13271,0,0,0,1
133198518374878829,0.0771372,0.605358,-0.792206,-1.28545,-0.989027,-0.0539509,-0.137528,0.136568,-0.125994,0.794122,0.594555,2.13249,0,0,0,1
133198518375580941,0.0767207,0.606019,-0.791742,-1.28588,-0.989021,-0.0543338,-0.137426,0.136252,-0.126301,0.793592,0.595197,2.13167,0,0,0,1
133198518375881365,0.0770933,0.606392,-0.79142,-1.28547,-0.988969,-0.0541897,-0.137857,0.136274,-0.126482,0.793318,0.595524,2.13151,0,0,0,1
133198518376220188,0.0769645,0.606595,-0.791277,-1.28458,-0.988986,-0.0541871,-0.137735,0.136202,-0.126426,0.793162,0.595744,2.13148,0,0,0,1
133198518376528871,0.0771951,0.606427,-0.791383,-1.28285,-0.988998,-0.0538864,-0.137764,0.136489,-0.126189,0.793311,0.595596,2.13173,0,0,0,1
133198518376861580,0.0778542,0.606154,-0.791528,-1.28242,-0.988957,-0.053468,-0.138219,0.136463,-0.126104,0.793548,0.595298,2.13149,0,0,0,1
133198518377189330,0.0786855,0.605728,-0.791771,-1.28203,-0.988864,-0.0532146,-0.138983,0.136395,-0.12632,0.79389,0.594796,2.13123,0,0,0,1
133198518377522050,0.0789863,0.605307,-0.792063,-1.2816,-0.988852,-0.0530283,-0.139136,0.136392,-0.126222,0.794224,0.594371,2.13094,0,0,0,1
133198518377852172,0.0787187,0.605147,-0.792213,-1.28113,-0.988906,-0.0530162,-0.138761,0.136415,-0.12597,0.794347,0.59426,2.13062,0,0,0,1
133198518378189577,0.0784374,0.605027,-0.792332,-1.28063,-0.988938,-0.0531456,-0.138483,0.136483,-0.125895,0.794429,0.594166,2.13033,0,0,0,1
133198518378514950,0.0780281,0.604758,-0.792578,-1.28016,-0.988976,-0.0534022,-0.13811,0.136563,-0.125849,0.794617,0.593924,2.13007,0,0,0,1
133198518378840471,0.0774794,0.604402,-0.792903,-1.27969,-0.989054,-0.0535748,-0.137485,0.136652,-0.125576,0.794876,0.593635,2.12981,0,0,0,1
133198518379168859,0.0771134,0.604094,-0.793173,-1.27928,-0.989122,-0.0535952,-0.136983,0.13675,-0.125261,0.795109,0.59339,2.12958,0,0,0,1
133198518379501356,0.0766018,0.603824,-0.793429,-1.27889,-0.989201,-0.0537,-0.13637,0.136831,-0.124951,0.795307,0.59319,2.1294,0,0,0,1
133198518379852881,0.0764056,0.60363,-0.793595,-1.27859,-0.989214,-0.0538669,-0.136212,0.136853,-0.12497,0.795443,0.593003,2.12922,0,0,0,1
133198518380183554,0.0763643,0.603536,-0.79367,-1.27839,-0.989225,-0.0538598,-0.136137,0.136886,-0.124911,0.795514,0.59292,2.12909,0,0,0,1
133198518380489103,0.0765371,0.603459,-0.793712,-1.27822,-0.989234,-0.0536276,-0.136164,0.136874,-0.124734,0.795589,0.592858,2.12894,0,0,0,1
133198518380821173,0.0771434,0.603196,-0.793853,-1.27813,-0.989198,-0.0532341,-0.136575,0.136883,-0.124642,0.795814,0.592574,2.1288,0,0,0,1
133198518381150012,0.0776309,0.602721,-0.794167,-1.27809,-0.989168,-0.0529703,-0.136894,0.13684,-0.124576,0.796192,0.592081,2.12868,0,0,0,1
133198518381481268,0.077668,0.602303,-0.79448,-1.27804,-0.989184,-0.0529004,-0.136806,0.136785,-0.124427,0.796513,0.59168,2.1286,0,0,0,1
133198518381813010,0.0779461,0.602394,-0.794384,-1.27794,-0.989171,-0.0526608,-0.136992,0.136778,-0.124356,0.79646,0.591766,2.12859,0,0,0,1
133198518382174509,0.0785379,0.602774,-0.794037,-1.27788,-0.98917,-0.0519445,-0.137271,0.136877,-0.123989,0.796219,0.592167,2.12867,0,0,0,1
133198518382477880,0.0786645,0.602932,-0.793904,-1.2778,-0.989199,-0.0515956,-0.1372,0.136955,-0.123684,0.796122,0.592361,2.12879,0,0,0,1
133198518382802317,0.0782021,0.602996,-0.793902,-1.27772,-0.989186,-0.0521822,-0.137072,0.136912,-0.124082,0.796036,0.592394,2.12889,0,0,0,1
133198518383129043,0.0780892,0.603188,-0.793767,-1.27765,-0.989107,-0.0527751,-0.13741,0.136874,-0.124775,0.795851,0.592496,2.12905,0,0,0,1
133198518383459150,0.0783112,0.60364,-0.793401,-1.27755,-0.989013,-0.0530512,-0.137981,0.136759,-0.125382,0.79549,0.592854,2.12914,0,0,0,1
133198518383788780,0.0784342,0.60417,-0.792986,-1.27748,-0.988991,-0.0529647,-0.138175,0.136742,-0.125481,0.795093,0.593364,2.12923,0,0,0,1
133198518384454851,0.0785197,0.604751,-0.792535,-1.27745,-0.989049,-0.0523986,-0.137972,0.136815,-0.124967,0.794689,0.594014,2.12923,0,0,0,1
133198518384779622,0.0787902,0.604601,-0.792622,-1.27753,-0.989096,-0.0518234,-0.137851,0.136856,-0.124421,0.794841,0.593926,2.12919,0,0,0,1
133198518385110629,0.0790434,0.604269,-0.79285,-1.27761,-0.989107,-0.0515295,-0.137882,0.136914,-0.124173,0.795112,0.593614,2.12915,0,0,0,1
133198518385440144,0.0789948,0.60393,-0.793113,-1.27771,-0.98912,-0.0515587,-0.137777,0.136955,-0.1241,0.795368,0.593287,2.12915,0,0,0,1
133198518385770478,0.0789803,0.603823,-0.793196,-1.27775,-0.989127,-0.0515473,-0.13773,0.13694,-0.124052,0.79545,0.593187,2.12912,0,0,0,1
133198518386160014,0.0791362,0.603787,-0.793208,-1.27783,-0.989141,-0.0512941,-0.137729,0.13698,-0.123846,0.795494,0.593171,2.12909,0,0,0,1
133198518386432378,0.0791883,0.603547,-0.793385,-1.27795,-0.989171,-0.0510824,-0.137589,0.137004,-0.12357,0.795689,0.592966,2.12902,0,0,0,1
133198518387089385,0.0790581,0.602453,-0.794229,-1.27836,-0.989296,-0.050608,-0.136863,0.13718,-0.122648,0.796548,0.592004,2.12888,0,0,0,1
133198518387421151,0.0789919,0.602113,-0.794493,-1.2786,-0.989339,-0.0504616,-0.136607,0.137182,-0.122344,0.796814,0.591708,2.12884,0,0,0,1
133198518387750078,0.0792313,0.60205,-0.794518,-1.27883,-0.989316,-0.0503569,-0.136815,0.13715,-0.122379,0.796869,0.591627,2.12891,0,0,0,1
133198518388078633,0.0794814,0.602118,-0.794441,-1.2791,-0.989282,-0.0502841,-0.137086,0.13711,-0.12249,0.796822,0.591668,2.12897,0,0,0,1
133198518388412942,0.0797024,0.60214,-0.794402,-1.27936,-0.989256,-0.0502007,-0.137303,0.137108,-0.122555,0.796811,0.591669,2.1291,0,0,0,1
133198518388752934,0.0800905,0.602213,-0.794308,-1.27969,-0.989231,-0.0499139,-0.137587,0.137089,-0.122504,0.796774,0.59173,2.12913,0,0,0,1
133198518389073927,0.0806627,0.602325,-0.794165,-1.27996,-0.9892,-0.0494504,-0.137977,0.137028,-0.122379,0.796718,0.591831,2.12918,0,0,0,1
133198518389399456,0.0811684,0.602306,-0.794128,-1.28032,-0.98917,-0.0490743,-0.138324,0.137038,-0.122285,0.796755,0.5918,2.12924,0,0,0,1
133198518390070589,0.0811268,0.602068,-0.794312,-1.28086,-0.989215,-0.0488721,-0.138077,0.137093,-0.121951,0.796947,0.59161,2.12937,0,0,0,1
133198518391381821,0.0813915,0.602152,-0.794222,-1.28231,-0.989326,-0.0478256,-0.137645,0.137196,-0.120868,0.796947,0.591832,2.12965,0,0,0,1
133198518391709105,0.0816189,0.60167,-0.794563,-1.28281,-0.989302,-0.0478112,-0.137827,0.137147,-0.120915,0.797312,0.591331,2.12974,0,0,0,1
133198518392040685,0.0820172,0.601568,-0.7946,-1.28324,-0.989247,-0.0477365,-0.138248,0.137042,-0.121097,0.797394,0.591184,2.12985,0,0,0,1
133198518392371775,0.0824068,0.601851,-0.794346,-1.28366,-0.989203,-0.0475283,-0.138632,0.137058,-0.12119,0.797193,0.591436,2.12999,0,0,0,1
133198518392701398,0.0825836,0.602162,-0.794091,-1.28398,-0.989199,-0.0472928,-0.138737,0.137015,-0.121097,0.796972,0.591752,2.13011,0,0,0,1
133198518393030171,0.0826005,0.602161,-0.79409,-1.28437,-0.989215,-0.0471711,-0.138667,0.137047,-0.120958,0.79698,0.59177,2.13019,0,0,0,1
133198518393358997,0.0830109,0.601696,-0.7944,-1.28478,-0.989193,-0.0469247,-0.138908,0.137035,-0.120857,0.797346,0.591298,2.1302,0,0,0,1
133198518393691833,0.0835927,0.600572,-0.795189,-1.28521,-0.98915,-0.0467316,-0.139277,0.137004,-0.120806,0.798204,0.59015,2.1301,0,0,0,1
133198518394027596,0.0841607,0.59909,-0.796246,-1.2856,-0.989119,-0.046542,-0.139565,0.136956,-0.120671,0.799328,0.588654,2.12994,0,0,0,1
133198518394352190,0.0846355,0.597817,-0.797153,-1.28584,-0.989051,-0.0466617,-0.140003,0.136832,-0.120893,0.800274,0.587322,2.12973,0,0,0,1
133198518394684885,0.0857683,0.596337,-0.798139,-1.28603,-0.98893,-0.046402,-0.140941,0.136739,-0.121083,0.801392,0.585756,2.12949,0,0,0,1
133198518395010485,0.0869541,0.594505,-0.799376,-1.2861,-0.988811,-0.0461216,-0.141861,0.13667,-0.121206,0.802768,0.583843,2.12925,0,0,0,1
133198518395340683,0.0869399,0.59281,-0.800636,-1.28606,-0.988834,-0.0462914,-0.141651,0.136681,-0.121035,0.804011,0.582166,2.129,0,0,0,1
133198518395669637,0.0869281,0.591514,-0.801595,-1.28589,-0.988842,-0.046478,-0.141531,0.136667,-0.120974,0.804954,0.580874,2.12879,0,0,0,1
133198518396007977,0.0868345,0.590796,-0.802134,-1.28568,-0.988815,-0.0468926,-0.141581,0.13663,-0.12126,0.805457,0.580117,2.12861,0,0,0,1
133198518396330511,0.0872941,0.590358,-0.802407,-1.28539,-0.988766,-0.0467584,-0.14197,0.136571,-0.121332,0.805786,0.579644,2.12847,0,0,0,1
133198518396990297,0.0890341,0.589215,-0.803056,-1.28484,-0.988706,-0.0453038,-0.142857,0.136459,-0.120555,0.806705,0.578527,2.12813,0,0,0,1
133198518397365797,0.0896725,0.588604,-0.803433,-1.2845,-0.988867,-0.043566,-0.142286,0.136666,-0.118752,0.807247,0.578143,2.12805,0,0,0,1
133198518397660481,0.08923,0.588506,-0.803554,-1.28414,-0.988994,-0.0432454,-0.141494,0.136801,-0.11802,0.807336,0.57817,2.12817,0,0,0,1
133198518397979555,0.0885626,0.588721,-0.803471,-1.28377,-0.98914,-0.0430136,-0.140545,0.136927,-0.117302,0.807192,0.578517,2.12848,0,0,0,1
133198518398312032,0.0872601,0.589967,-0.802698,-1.28338,-0.989178,-0.0440922,-0.139939,0.136902,-0.117952,0.806222,0.579735,2.12899,0,0,0,1
133198518398640366,0.086607,0.591953,-0.801306,-1.28319,-0.989163,-0.044624,-0.139876,0.136822,-0.118558,0.804736,0.581673,2.12952,0,0,0,1
133198518398973250,0.087254,0.593949,-0.799757,-1.28325,-0.989128,-0.0437441,-0.140401,0.136744,-0.118376,0.803313,0.583675,2.13003,0,0,0,1
133198518399298720,0.0881776,0.595437,-0.798549,-1.28361,-0.989136,-0.0423207,-0.140779,0.136723,-0.11762,0.802287,0.585236,2.13051,0,0,0,1
133198518399632589,0.0893167,0.596357,-0.797735,-1.2842,-0.98916,-0.0406166,-0.141113,0.136698,-0.116555,0.801691,0.586265,2.13095,0,0,0,1
133198518399959325,0.0913672,0.596476,-0.797413,-1.28489,-0.989101,-0.0384834,-0.142117,0.136662,-0.115457,0.801707,0.58646,2.13147,0,0,0,1
133198518400290560,0.0920488,0.596915,-0.797006,-1.28561,-0.989088,-0.0376523,-0.142432,0.136643,-0.115029,0.80142,0.586936,2.13201,0,0,0,1
133198518400629385,0.0918852,0.598239,-0.796032,-1.28629,-0.98915,-0.0371878,-0.142124,0.136777,-0.114627,0.800454,0.588331,2.13263,0,0,0,1
133198518400949706,0.0918754,0.599654,-0.794967,-1.28694,-0.989204,-0.0365717,-0.14191,0.136889,-0.11417,0.799423,0.589821,2.13312,0,0,0,1
133198518401609198,0.0924795,0.601325,-0.793635,-1.28862,-0.989334,-0.0345991,-0.141499,0.137014,-0.112546,0.798255,0.591711,2.1334,0,0,0,1
133198518401938852,0.0947647,0.600388,-0.794074,-1.2897,-0.989276,-0.0322559,-0.142448,0.136999,-0.111138,0.799058,0.590893,2.13319,0,0,0,1
133198518402271696,0.0966319,0.5983,-0.795424,-1.29076,-0.989327,-0.0298265,-0.142623,0.137134,-0.109056,0.800717,0.589032,2.13281,0,0,0,1
133198518402602530,0.0951144,0.596664,-0.796834,-1.29159,-0.989749,-0.0289861,-0.139846,0.137434,-0.106538,0.801967,0.587791,2.13243,0,0,0,1
133198518402931880,0.0938483,0.596085,-0.797418,-1.29224,-0.990067,-0.0283425,-0.137708,0.137678,-0.104686,0.802421,0.587504,2.13203,0,0,0,1
133198518403280012,0.0947165,0.595782,-0.797542,-1.29273,-0.99006,-0.0272944,-0.13797,0.137652,-0.103968,0.802682,0.587275,2.13147,0,0,0,1
133198518406558691,0.0853125,0.58669,-0.805306,-1.28745,-0.991738,-0.0277081,-0.125249,0.139703,-0.0957957,0.809338,0.579479,2.12495,0,0,0,1
133198518408543694,0.0872535,0.577226,-0.811909,-1.28193,-0.990884,-0.0336895,-0.130439,0.138674,-0.102646,0.815889,0.569024,2.12249,0,0,0,1
133198518408869406,0.0864882,0.575947,-0.812899,-1.28115,-0.990956,-0.0342982,-0.129733,0.138673,-0.102601,0.816767,0.567772,2.12177,0,0,0,1
133198518409203410,0.0859605,0.574006,-0.814327,-1.28069,-0.991128,-0.0338955,-0.128516,0.138764,-0.101371,0.818149,0.566,2.1209,0,0,0,1
133198518409528702,0.085773,0.571725,-0.815949,-1.28051,-0.991288,-0.0331947,-0.127464,0.138831,-0.0999594,0.819773,0.563897,2.12005,0,0,0,1
133198518410521751,0.0841975,0.564291,-0.821271,-1.28114,-0.991729,-0.0326724,-0.124122,0.139119,-0.0968738,0.824929,0.556873,2.11831,0,0,0,1
133198518411840812,0.0863556,0.562742,-0.822109,-1.28184,-0.9913,-0.0337423,-0.127224,0.138749,-0.0993345,0.825943,0.554932,2.11846,0,0,0,1
133198518412196992,0.0860451,0.563046,-0.821934,-1.2818,-0.991307,-0.0340316,-0.127089,0.138789,-0.0995285,0.825725,0.555223,2.11862,0,0,0,1
133198518412500326,0.085344,0.56349,-0.821703,-1.28176,-0.991334,-0.0346375,-0.126715,0.138884,-0.0998644,0.825397,0.555651,2.11881,0,0,0,1
133198518412829222,0.0846608,0.564585,-0.821021,-1.28158,-0.991294,-0.0356622,-0.126742,0.13886,-0.100836,0.824604,0.556651,2.11914,0,0,0,1
133198518413158631,0.0842252,0.566395,-0.819818,-1.28129,-0.991184,-0.0368267,-0.127273,0.138715,-0.102279,0.82331,0.5583,2.11949,0,0,0,1
133198518413490691,0.083698,0.568584,-0.818357,-1.2809,-0.991077,-0.0379962,-0.127762,0.138566,-0.103738,0.821748,0.56033,2.11984,0,0,0,1
133198518413820365,0.0830092,0.570739,-0.816925,-1.28058,-0.991011,-0.0390229,-0.127961,0.138508,-0.104911,0.820204,0.562369,2.12014,0,0,0,1
133198518414158951,0.0820191,0.572451,-0.815826,-1.28026,-0.991017,-0.0399131,-0.127638,0.138561,-0.105629,0.818967,0.564035,2.12038,0,0,0,1
133198518414481214,0.0810785,0.573685,-0.815053,-1.28008,-0.991063,-0.0405008,-0.127094,0.138625,-0.105923,0.818074,0.565275,2.12051,0,0,0,1
133198518414828055,0.0801184,0.574603,-0.814502,-1.28009,-0.991145,-0.0408845,-0.126336,0.138738,-0.105894,0.817411,0.566239,2.12065,0,0,0,1
133198518415155665,0.0796232,0.574859,-0.814369,-1.28019,-0.991226,-0.0408087,-0.125721,0.138801,-0.105505,0.817234,0.566566,2.12071,0,0,0,1
133198518415475089,0.079532,0.574986,-0.814289,-1.28034,-0.99122,-0.0409467,-0.125726,0.138779,-0.105633,0.817138,0.56668,2.12081,0,0,0,1
133198518415805423,0.0801648,0.575194,-0.814079,-1.28069,-0.99115,-0.0406902,-0.126351,0.138666,-0.105802,0.817004,0.566843,2.12098,0,0,0,1
133198518416173953,0.0815461,0.575478,-0.813742,-1.28108,-0.991058,-0.0396996,-0.127391,0.138594,-0.105615,0.816854,0.567094,2.12124,0,0,0,1
133198518416477823,0.0826438,0.575664,-0.813499,-1.28142,-0.990934,-0.0392958,-0.128477,0.138489,-0.105927,0.816742,0.567197,2.12151,0,0,0,1
133198518416794684,0.0834682,0.575801,-0.813318,-1.28172,-0.990785,-0.0394117,-0.129583,0.138363,-0.106669,0.816639,0.567206,2.12183,0,0,0,1
133198518417124430,0.083896,0.575923,-0.813188,-1.282,-0.990666,-0.0397818,-0.130381,0.138274,-0.107439,0.816536,0.567209,2.12217,0,0,0,1
133198518417454917,0.0841016,0.576313,-0.81289,-1.28222,-0.990538,-0.0404308,-0.131145,0.13813,-0.108447,0.816228,0.56746,2.12246,0,0,0,1
133198518417802431,0.0841409,0.576746,-0.812579,-1.28241,-0.990453,-0.0409584,-0.131631,0.138035,-0.109199,0.815897,0.567793,2.12281,0,0,0,1
133198518418169056,0.0838959,0.577366,-0.812164,-1.28254,-0.990406,-0.0415022,-0.131812,0.137921,-0.10981,0.81543,0.568345,2.12313,0,0,0,1
133198518418442757,0.0840728,0.577866,-0.81179,-1.28267,-0.990362,-0.0415287,-0.132128,0.137916,-0.110065,0.815074,0.568805,2.12338,0,0,0,1
133198518418776992,0.0842437,0.578341,-0.811434,-1.2829,-0.990314,-0.0416008,-0.132466,0.137904,-0.110367,0.814734,0.569234,2.12365,0,0,0,1
133198518419106816,0.0845187,0.57863,-0.811199,-1.28312,-0.990245,-0.0417297,-0.132939,0.137786,-0.110774,0.814522,0.569459,2.12383,0,0,0,1
133198518419436418,0.0852914,0.5787,-0.811068,-1.28339,-0.990142,-0.0415406,-0.133762,0.137682,-0.1111,0.814482,0.569452,2.12403,0,0,0,1
133198518419764798,0.0860224,0.578847,-0.810886,-1.28364,-0.990061,-0.0412271,-0.13446,0.137573,-0.111262,0.814393,0.569548,2.12411,0,0,0,1
133198518420103393,0.0863034,0.579109,-0.810669,-1.28384,-0.990068,-0.0407896,-0.13454,0.137575,-0.110981,0.814229,0.569837,2.12422,0,0,0,1
133198518420754569,0.0861923,0.578931,-0.810808,-1.28431,-0.990178,-0.0401456,-0.133925,0.137712,-0.110084,0.814388,0.569784,2.12428,0,0,0,1
133198518421742294,0.0863796,0.57721,-0.812014,-1.28503,-0.990245,-0.0396992,-0.133559,0.137829,-0.109328,0.81563,0.568151,2.12433,0,0,0,1
133198518422101913,0.0865717,0.577062,-0.812099,-1.28527,-0.99023,-0.0395992,-0.133699,0.137909,-0.109311,0.815739,0.567997,2.1244,0,0,0,1
133198518423065148,0.0859285,0.575558,-0.813233,-1.28575,-0.990366,-0.0396221,-0.132687,0.138137,-0.108591,0.8168,0.566609,2.12445,0,0,0,1
133198518423407151,0.0858628,0.574927,-0.813687,-1.28596,-0.990414,-0.0394452,-0.132382,0.138268,-0.108206,0.817253,0.566029,2.12438,0,0,0,1
133198518423730667,0.085603,0.574413,-0.814077,-1.28603,-0.990468,-0.0394337,-0.131976,0.138262,-0.10791,0.817615,0.565562,2.1243,0,0,0,1
133198518424387826,0.0857467,0.572986,-0.815068,-1.28639,-0.990618,-0.0383408,-0.131168,0.138451,-0.106408,0.818668,0.564322,2.12416,0,0,0,1
133198518424727751,0.0858655,0.572012,-0.815738,-1.28651,-0.990663,-0.0380057,-0.130929,0.138523,-0.105895,0.819364,0.563408,2.1241,0,0,0,1
133198518425054392,0.0857489,0.571006,-0.816455,-1.28657,-0.990665,-0.0382942,-0.130827,0.138528,-0.105969,0.820052,0.562392,2.12413,0,0,0,1
133198518425374204,0.0853136,0.570458,-0.816884,-1.28652,-0.990661,-0.0389504,-0.130663,0.138541,-0.106356,0.820403,0.561808,2.12416,0,0,0,1
133198518425703154,0.0844642,0.570813,-0.816724,-1.28627,-0.990693,-0.0396962,-0.1302,0.138544,-0.106741,0.82012,0.562148,2.12428,0,0,0,1
133198518426035836,0.0837412,0.571768,-0.81613,-1.28598,-0.99073,-0.0401461,-0.129782,0.138599,-0.10697,0.819432,0.563106,2.12445,0,0,0,1
133198518426365181,0.0829074,0.572584,-0.815643,-1.28572,-0.990783,-0.0406157,-0.129222,0.138616,-0.107118,0.818839,0.563939,2.12456,0,0,0,1
133198518426694283,0.0825067,0.572739,-0.815575,-1.28556,-0.990806,-0.0409034,-0.128958,0.138656,-0.107219,0.818717,0.564099,2.12464,0,0,0,1
133198518427029313,0.082355,0.572414,-0.815819,-1.28547,-0.990813,-0.0410818,-0.128845,0.138668,-0.107268,0.818935,0.563772,2.12463,0,0,0,1
133198518429333227,0.0808478,0.572699,-0.81577,-1.28498,-0.99079,-0.0430144,-0.128391,0.138572,-0.108619,0.818637,0.563947,2.12467,0,0,0,1
133198518430657313,0.0801796,0.573051,-0.815588,-1.28496,-0.990775,-0.0438616,-0.12822,0.138502,-0.10925,0.818345,0.564248,2.12458,0,0,0,1
133198518435274849,0.0808895,0.575404,-0.81386,-1.28623,-0.990708,-0.0431558,-0.128978,0.138291,-0.109337,0.81673,0.566566,2.12406,0,0,0,1
133198518435603997,0.0809104,0.575063,-0.814098,-1.28632,-0.990734,-0.0429902,-0.128833,0.138373,-0.109086,0.816978,0.566257,2.12404,0,0,0,1
133198518435937760,0.0809569,0.5749,-0.814209,-1.28639,-0.99072,-0.0430689,-0.128918,0.138374,-0.109182,0.817089,0.566078,2.12401,0,0,0,1
133198518436719196,0.0805323,0.575514,-0.813817,-1.28628,-0.990752,-0.043231,-0.128613,0.138415,-0.109201,0.816648,0.56671,2.12412,0,0,0,1
133198518436992030,0.0802322,0.575796,-0.813647,-1.28626,-0.990786,-0.0432885,-0.128334,0.138489,-0.109115,0.816447,0.567017,2.12421,0,0,0,1
133198518437358387,0.0799651,0.576018,-0.813516,-1.28621,-0.990808,-0.0434026,-0.128124,0.138461,-0.10911,0.816284,0.567253,2.12429,0,0,0,1
133198518438229311,0.079932,0.576129,-0.813441,-1.28617,-0.99075,-0.0438607,-0.12842,0.138463,-0.109664,0.816181,0.567294,2.12457,0,0,0,1
133198518438557760,0.0798444,0.576537,-0.81316,-1.2861,-0.99072,-0.0441172,-0.128558,0.138442,-0.109993,0.815879,0.567664,2.12472,0,0,0,1
133198518438888752,0.0797003,0.577165,-0.812729,-1.28596,-0.990702,-0.0443227,-0.128629,0.138481,-0.110263,0.815424,0.568265,2.12489,0,0,0,1
133198518439221414,0.0795133,0.57782,-0.812282,-1.28583,-0.990694,-0.0444916,-0.128627,0.138546,-0.110463,0.814951,0.568905,2.12504,0,0,0,1
133198518439547000,0.0793401,0.578253,-0.81199,-1.28575,-0.990703,-0.0445604,-0.128536,0.13862,-0.110509,0.81464,0.569342,2.12515,0,0,0,1
133198518439875572,0.0792469,0.578466,-0.811848,-1.28577,-0.990729,-0.0444486,-0.128379,0.138625,-0.110348,0.814494,0.569581,2.12523,0,0,0,1
133198518440207990,0.0792743,0.578546,-0.811788,-1.28585,-0.990765,-0.0441375,-0.128208,0.138571,-0.110004,0.814455,0.569704,2.12538,0,0,0,1
133198518440536132,0.0798239,0.579183,-0.81128,-1.2859,-0.9907,-0.0438716,-0.128798,0.138418,-0.11019,0.814017,0.570294,2.12561,0,0,0,1
133198518440866119,0.0811903,0.58067,-0.810081,-1.2858,-0.99056,-0.0430603,-0.130145,0.138128,-0.110453,0.813,0.571692,2.12606,0,0,0,1
133198518441197342,0.083105,0.583164,-0.808092,-1.28551,-0.99027,-0.0425038,-0.132514,0.137848,-0.111624,0.811242,0.573957,2.12655,0,0,0,1
133198518441525230,0.0847231,0.586058,-0.805828,-1.28508,-0.989981,-0.0421695,-0.134753,0.137583,-0.112955,0.809171,0.576614,2.1271,0,0,0,1
133198518443178647,0.0848464,0.597084,-0.797679,-1.28205,-0.989819,-0.0413132,-0.136208,0.137879,-0.114282,0.801114,0.587499,2.12881,0,0,0,1
133198518443505928,0.0837648,0.59918,-0.79622,-1.28132,-0.98998,-0.0411192,-0.135092,0.13812,-0.113685,0.799557,0.589732,2.12914,0,0,0,1
133198518443838232,0.0824716,0.601064,-0.794934,-1.28066,-0.990115,-0.0413874,-0.134015,0.138285,-0.113452,0.798128,0.591709,2.12952,0,0,0,1
133198518444173102,0.0815258,0.602771,-0.793738,-1.28016,-0.990112,-0.0422339,-0.133768,0.138368,-0.114154,0.796795,0.593368,2.12986,0,0,0,1
133198518444825631,0.0781401,0.603591,-0.793456,-1.27988,-0.990221,-0.0452714,-0.131956,0.138607,-0.115568,0.796008,0.594151,2.13035,0,0,0,1
133198518445165267,0.0776851,0.603566,-0.79352,-1.28005,-0.990189,-0.0460134,-0.131938,0.138604,-0.116146,0.795984,0.59407,2.13043,0,0,0,1
133198518445487469,0.0780232,0.603345,-0.793654,-1.28024,-0.99024,-0.0453187,-0.131801,0.138775,-0.115489,0.796191,0.593921,2.13033,0,0,0,1
133198518445817787,0.0774454,0.602933,-0.794024,-1.28046,-0.990353,-0.0452677,-0.130968,0.13874,-0.114909,0.796506,0.593611,2.13,0,0,0,1
133198518446823095,0.0762431,0.595668,-0.799604,-1.28254,-0.991068,-0.0427248,-0.126327,0.139516,-0.109412,0.802094,0.58709,2.12825,0,0,0,1
133198518447141337,0.0765528,0.592694,-0.801781,-1.28328,-0.991237,-0.0415776,-0.125377,0.139671,-0.107646,0.804353,0.584318,2.12774,0,0,0,1
133198518447468812,0.0770966,0.590156,-0.803599,-1.28398,-0.991337,-0.0405858,-0.124914,0.13974,-0.106333,0.806268,0.581915,2.12737,0,0,0,1
133198518447800635,0.0774853,0.588208,-0.804989,-1.28456,-0.991392,-0.0400077,-0.124662,0.139748,-0.105533,0.807719,0.580045,2.12718,0,0,0,1
133198518448162329,0.0778196,0.587051,-0.805801,-1.28511,-0.99136,-0.0400345,-0.124906,0.139754,-0.105586,0.808559,0.578864,2.12716,0,0,0,1
133198518448459523,0.0776482,0.586424,-0.806274,-1.28546,-0.991384,-0.0401559,-0.124682,0.13978,-0.105493,0.809008,0.578253,2.12725,0,0,0,1
133198518448787910,0.0775658,0.58613,-0.806495,-1.2858,-0.991362,-0.040463,-0.124753,0.13977,-0.105755,0.809205,0.577929,2.12743,0,0,0,1
133198518449117689,0.0775061,0.58599,-0.806603,-1.28622,-0.99132,-0.0408773,-0.124952,0.13973,-0.106193,0.809287,0.577736,2.12765,0,0,0,1
133198518449446868,0.0774318,0.585981,-0.806617,-1.28668,-0.991277,-0.041296,-0.125159,0.139669,-0.106651,0.809272,0.577671,2.12789,0,0,0,1
133198518450202306,0.0794498,0.587093,-0.805611,-1.28776,-0.990965,-0.0410914,-0.127675,0.139301,-0.108061,0.808476,0.578524,2.12851,0,0,0,1
133198518450436119,0.0804068,0.587628,-0.805126,-1.28807,-0.990834,-0.040843,-0.128763,0.139141,-0.108548,0.8081,0.578958,2.12864,0,0,0,1
133198518450768029,0.0810831,0.588171,-0.804662,-1.28844,-0.990733,-0.0406978,-0.129581,0.139019,-0.108964,0.807712,0.579421,2.12886,0,0,0,1
133198518451096041,0.0814009,0.588511,-0.804381,-1.28884,-0.990654,-0.0408481,-0.130137,0.138953,-0.109445,0.807456,0.579686,2.12907,0,0,0,1
133198518451428375,0.0819538,0.588993,-0.803972,-1.28915,-0.990531,-0.0410171,-0.13102,0.138828,-0.110147,0.807096,0.580054,2.12926,0,0,0,1
133198518451766994,0.0826279,0.589716,-0.803373,-1.28944,-0.990448,-0.0406981,-0.131743,0.138783,-0.110387,0.806585,0.58072,2.12944,0,0,0,1
133198518452092319,0.0837777,0.590529,-0.802656,-1.28964,-0.990311,-0.0401843,-0.132929,0.138683,-0.110752,0.806015,0.581441,2.1296,0,0,0,1
133198518452418431,0.0843275,0.591103,-0.802175,-1.28986,-0.990229,-0.0400196,-0.133586,0.138573,-0.111066,0.805602,0.581953,2.12973,0,0,0,1
133198518452748226,0.084939,0.591184,-0.802052,-1.29018,-0.99021,-0.0394053,-0.133911,0.138631,-0.110771,0.805574,0.582049,2.12983,0,0,0,1
133198518453080318,0.0854714,0.590916,-0.802193,-1.29049,-0.990241,-0.0385736,-0.133922,0.138721,-0.11008,0.80581,0.581852,2.12995,0,0,0,1
133198518453413388,0.0862332,0.590749,-0.802234,-1.29073,-0.990191,-0.0380285,-0.13444,0.138644,-0.109928,0.805958,0.581676,2.13013,0,0,0,1
133198518453736862,0.0870737,0.590784,-0.802117,-1.2909,-0.990084,-0.0377729,-0.135299,0.138607,-0.110231,0.805945,0.581638,2.1304,0,0,0,1
133198518454067239,0.0876651,0.590979,-0.801909,-1.29103,-0.989988,-0.0377162,-0.136021,0.138551,-0.110631,0.805805,0.581755,2.13068,0,0,0,1
133198518454398979,0.0877876,0.591073,-0.801826,-1.29111,-0.989913,-0.038088,-0.136457,0.138508,-0.111196,0.805718,0.581768,2.13096,0,0,0,1
133198518454734931,0.0878764,0.59114,-0.801768,-1.2912,-0.989797,-0.0388098,-0.137099,0.138449,-0.112161,0.805635,0.581698,2.13119,0,0,0,1
133198518457702118,0.0828067,0.588263,-0.804418,-1.29267,-0.991071,-0.0360303,-0.128369,0.140528,-0.104499,0.807866,0.580028,2.12829,0,0,0,1
133198518458041588,0.0820545,0.587423,-0.80511,-1.29294,-0.991146,-0.0365164,-0.127658,0.140663,-0.104389,0.808456,0.579225,2.12766,0,0,0,1
133198518458356689,0.0794512,0.584638,-0.807395,-1.2935,-0.991818,-0.0348283,-0.122819,0.141205,-0.0999246,0.810546,0.577087,2.12709,0,0,0,1
133198518458685302,0.0815113,0.58328,-0.808171,-1.29384,-0.991665,-0.0337143,-0.124351,0.141174,-0.0997784,0.811571,0.57567,2.12666,0,0,0,1
133198518459020444,0.0817693,0.582082,-0.809009,-1.2941,-0.991757,-0.0328267,-0.123859,0.141271,-0.0986531,0.812468,0.574599,2.1264,0,0,0,1
133198518459348787,0.0812777,0.581587,-0.809414,-1.29405,-0.991976,-0.0317031,-0.122389,0.141469,-0.0968408,0.812867,0.574343,2.12639,0,0,0,1
133198518459692372,0.0802331,0.582235,-0.809052,-1.29373,-0.992181,-0.0311971,-0.120845,0.141684,-0.0956002,0.812422,0.57518,2.1266,0,0,0,1
133198518460687472,0.0734534,0.582097,-0.809795,-1.2939,-0.993007,-0.0325602,-0.113477,0.141629,-0.0924215,0.812467,0.575634,2.12703,0,0,0,1
133198518463643537,0.085614,0.576034,-0.81293,-1.30027,-0.992321,-0.0238121,-0.12138,0.141185,-0.0892763,0.817079,0.569572,2.1339,0,0,0,1
133198518465640871,0.0838274,0.575038,-0.813821,-1.29843,-0.992889,-0.02108,-0.117167,0.141949,-0.0845309,0.817855,0.569182,2.13183,0,0,0,1
133198518465945907,0.0828214,0.572845,-0.815469,-1.29837,-0.993193,-0.0198058,-0.114785,0.142498,-0.0819048,0.819424,0.567305,2.13143,0,0,0,1
133198518466277123,0.0812169,0.569295,-0.818112,-1.29872,-0.993526,-0.0191791,-0.111977,0.142918,-0.0794384,0.82191,0.564051,2.13113,0,0,0,1
133198518466606288,0.0807596,0.565087,-0.821069,-1.2991,-0.993716,-0.0184016,-0.110406,0.143584,-0.0774977,0.824826,0.56005,2.13215,0,0,0,1
133198518468257260,0.0914425,0.536108,-0.839182,-1.30277,-0.99293,-0.0149573,-0.117751,0.142321,-0.0756794,0.844017,0.530951,2.13727,0,0,0,1
133198518468584614,0.0926924,0.529005,-0.843541,-1.30313,-0.992798,-0.015476,-0.118799,0.141878,-0.0758999,0.848477,0.523761,2.13998,0,0,0,1
133198518468917203,0.094559,0.52189,-0.847755,-1.30331,-0.99254,-0.0164036,-0.120807,0.141323,-0.0769541,0.852855,0.516446,2.14331,0,0,0,1
133198518469247950,0.0971309,0.513989,-0.85228,-1.30343,-0.992248,-0.0166899,-0.123148,0.14065,-0.0775211,0.857634,0.508384,2.14706,0,0,0,1
133198518469576960,0.0987864,0.505152,-0.857358,-1.30356,-0.992082,-0.0171545,-0.124417,0.139999,-0.0775571,0.86286,0.499458,2.15122,0,0,0,1
133198518469907048,0.0999596,0.495678,-0.862735,-1.30375,-0.991966,-0.0179269,-0.125233,0.13942,-0.0775412,0.868321,0.489904,2.1559,0,0,0,1
