133198518319415576,0.0689233,0.612554,-0.787418,-1.29038,-0.987766,-0.0687755,-0.139962,0.131221,-0.139889,0.787431,0.600319,2.12428,0,0,0,1
133198518319738787,0.0688826,0.613562,-0.786637,-1.29012,-0.987584,-0.0696533,-0.140807,0.131106,-0.141185,0.786569,0.601146,2.12462,0,0,0,1
133198518320082421,0.0691751,0.614405,-0.785952,-1.28984,-0.987483,-0.0697688,-0.141453,0.131052,-0.141745,0.7859,0.601889,2.12486,0,0,0,1
133198518320406226,0.069557,0.614948,-0.785494,-1.28966,-0.987486,-0.0692723,-0.141676,0.131131,-0.141536,0.785519,0.602434,2.12508,0,0,0,1
133198518320732315,0.0689259,0.6154,-0.785196,-1.28941,-0.987565,-0.0693876,-0.141073,0.131194,-0.141299,0.785155,0.602965,2.12534,0,0,0,1
133198518321083614,0.0679907,0.615756,-0.784998,-1.28917,-0.987627,-0.0699068,-0.140376,0.131246,-0.141314,0.78483,0.603384,2.12582,0,0,0,1
133198518321389516,0.0672951,0.616512,-0.784464,-1.2888,-0.987504,-0.0711391,-0.140621,0.131142,-0.142501,0.784125,0.604021,2.12636,0,0,0,1
133198518323049423,0.064076,0.621316,-0.780936,-1.2884,-0.987311,-0.0744696,-0.140257,0.131263,-0.1453,0.780013,0.60866,2.12775,0,0,0,1
133198518323373845,0.0644284,0.620904,-0.781234,-1.28896,-0.987467,-0.0733626,-0.139743,0.131444,-0.14408,0.780446,0.608395,2.12762,0,0,0,1
133198518323703763,0.063883,0.620741,-0.781409,-1.28953,-0.98773,-0.0724859,-0.138332,0.131698,-0.14251,0.780658,0.608494,2.12756,0,0,0,1
133198518324033195,0.0640143,0.621297,-0.780956,-1.29005,-0.987724,-0.0722919,-0.138475,0.131803,-0.142491,0.780233,0.609042,2.12755,0,0,0,1
133198518324363260,0.0632622,0.620968,-0.781279,-1.29081,-0.988033,-0.0713761,-0.136734,0.132128,-0.140672,0.780579,0.609022,2.12764,0,0,0,1
133198518324695791,0.0630605,0.620189,-0.781914,-1.29169,-0.988055,-0.0715852,-0.136465,0.132164,-0.140607,0.78118,0.608266,2.12765,0,0,0,1
133198518325024726,0.0655595,0.620273,-0.781641,-1.29245,-0.987576,-0.0717785,-0.139792,0.131845,-0.142814,0.781095,0.607861,2.12751,0,0,0,1
133198518325354793,0.0658939,0.619299,-0.782385,-1.29336,-0.98775,-0.0706692,-0.139128,0.131975,-0.141453,0.781969,0.607055,2.12713,0,0,0,1
133198518325689757,0.0658813,0.616648,-0.784478,-1.29448,-0.988222,-0.0685027,-0.136839,0.132286,-0.13812,0.784253,0.604872,2.12659,0,0,0,1
133198518327002384,0.0704448,0.611261,-0.788288,-1.29751,-0.989054,-0.0599122,-0.134844,0.133024,-0.129653,0.789158,0.600349,2.12575,0,0,0,1
133198518327327092,0.0700167,0.612235,-0.78757,-1.29792,-0.989291,-0.0587401,-0.133613,0.133147,-0.128064,0.788491,0.601565,2.12604,0,0,0,1
133198518327663319,0.0714859,0.613207,-0.786681,-1.29851,-0.989362,-0.0565906,-0.134015,0.133232,-0.126698,0.787893,0.602638,2.12639,0,0,0,1
133198518327991447,0.0715455,0.611761,-0.7878,-1.29947,-0.989651,-0.0549567,-0.132553,0.133493,-0.124386,0.789131,0.601498,2.1268,0,0,0,1
133198518328654277,0.0768793,0.607451,-0.790628,-1.30191,-0.989423,-0.0513554,-0.135667,0.133442,-0.123014,0.792696,0.597077,2.12816,0,0,0,1
133198518328984244,0.0768579,0.604722,-0.792719,-1.30313,-0.989503,-0.0513275,-0.135092,0.133641,-0.122381,0.794781,0.594429,2.12907,0,0,0,1
133198518330296020,0.0815073,0.59609,-0.79877,-1.3076,-0.989512,-0.0475011,-0.136419,0.13386,-0.11926,0.801511,0.585967,2.13354,0,0,0,1
133198518330632985,0.0842179,0.595772,-0.798726,-1.30815,-0.989368,-0.0453836,-0.138171,0.13381,-0.118567,0.801871,0.585616,2.13463,0,0,0,1
133198518331625489,0.0911854,0.592344,-0.800508,-1.3087,-0.98884,-0.0412481,-0.14316,0.133368,-0.11782,0.804628,0.581972,2.13679,0,0,0,1
133198518331948807,0.091772,0.592165,-0.800573,-1.30831,-0.988648,-0.0418638,-0.144297,0.133178,-0.118963,0.804728,0.581602,2.13723,0,0,0,1
133198518332285948,0.0927109,0.592679,-0.800085,-1.30758,-0.988449,-0.0419714,-0.145629,0.132991,-0.119892,0.804344,0.581942,2.13754,0,0,0,1
133198518332612516,0.0935258,0.594199,-0.798862,-1.30658,-0.988307,-0.041641,-0.146678,0.132886,-0.120421,0.803239,0.583357,2.13772,0,0,0,1
133198518332942736,0.0941193,0.596165,-0.797326,-1.30538,-0.988275,-0.0407643,-0.147139,0.132942,-0.120222,0.801826,0.585338,2.13771,0,0,0,1
133198518333273612,0.0939892,0.597101,-0.796641,-1.30421,-0.988403,-0.0399008,-0.14652,0.133148,-0.119274,0.801173,0.586426,2.13742,0,0,0,1
133198518333603230,0.0941902,0.596283,-0.79723,-1.30322,-0.988471,-0.0393387,-0.146208,0.133317,-0.118543,0.80181,0.585703,2.13686,0,0,0,1
133198518333937754,0.0947475,0.594503,-0.798492,-1.30235,-0.988474,-0.038957,-0.146295,0.133398,-0.11808,0.803149,0.58396,2.1361,0,0,0,1
133198518334271317,0.0952389,0.591999,-0.800292,-1.30165,-0.98856,-0.0382111,-0.14591,0.13353,-0.116958,0.805032,0.581587,2.13525,0,0,0,1
133198518334592308,0.0955278,0.589176,-0.802338,-1.301,-0.988691,-0.0374506,-0.145216,0.133658,-0.115606,0.807137,0.578935,2.13445,0,0,0,1
133198518334922541,0.0961772,0.586592,-0.804152,-1.3003,-0.98865,-0.0373801,-0.145511,0.133671,-0.115415,0.80902,0.576339,2.13374,0,0,0,1
133198518335251750,0.0958151,0.585161,-0.805237,-1.29946,-0.988664,-0.0380049,-0.145259,0.133686,-0.115603,0.810026,0.574886,2.13323,0,0,0,1
133198518335587056,0.0948486,0.58546,-0.805133,-1.29847,-0.98874,-0.0386369,-0.144573,0.133749,-0.11575,0.80978,0.575203,2.13293,0,0,0,1
133198518335912054,0.0931821,0.587281,-0.804001,-1.29738,-0.988918,-0.0391424,-0.143205,0.13383,-0.115572,0.808436,0.577126,2.13279,0,0,0,1
133198518336750827,0.0926479,0.59374,-0.799306,-1.29497,-0.988898,-0.0387967,-0.143443,0.133836,-0.116178,0.803721,0.583553,2.13219,0,0,0,1
133198518337027555,0.0925109,0.595104,-0.798307,-1.29446,-0.988944,-0.038406,-0.143233,0.133883,-0.115898,0.802731,0.584971,2.13196,0,0,0,1
133198518337391616,0.0922965,0.596598,-0.797215,-1.29396,-0.988935,-0.0384641,-0.143277,0.133885,-0.116143,0.801618,0.586447,2.13163,0,0,0,1
133198518337671563,0.092401,0.597588,-0.796461,-1.29366,-0.988957,-0.0379999,-0.143245,0.133879,-0.115867,0.800902,0.587478,2.13137,0,0,0,1
133198518337951073,0.0927649,0.598579,-0.795675,-1.29349,-0.988983,-0.0371904,-0.14328,0.133897,-0.115356,0.8002,0.588534,2.13119,0,0,0,1
133198518338246312,0.0925729,0.599289,-0.795162,-1.29342,-0.98911,-0.0364183,-0.1426,0.134052,-0.114417,0.799704,0.589392,2.13101,0,0,0,1
133198518338901820,0.0923344,0.598561,-0.795738,-1.29386,-0.989217,-0.0360978,-0.141938,0.134159,-0.113683,0.800263,0.588774,2.13069,0,0,0,1
133198518339231725,0.0930848,0.597274,-0.796618,-1.29421,-0.989112,-0.036127,-0.142664,0.134109,-0.113989,0.801224,0.587407,2.13036,0,0,0,1
133198518339894744,0.0930083,0.594533,-0.798674,-1.29454,-0.989184,-0.0362036,-0.142144,0.134196,-0.113424,0.803255,0.584735,2.12971,0,0,0,1
133198518340227233,0.0923468,0.594075,-0.799091,-1.2944,-0.989351,-0.0359303,-0.141046,0.134318,-0.112503,0.803607,0.584431,2.12942,0,0,0,1
133198518340544248,0.0920938,0.593938,-0.799223,-1.2942,-0.989471,-0.0354081,-0.140329,0.134444,-0.111646,0.803731,0.584423,2.12915,0,0,0,1
133198518340883424,0.0922174,0.593683,-0.799397,-1.29389,-0.989532,-0.0348577,-0.140039,0.134491,-0.111004,0.803943,0.584254,2.1289,0,0,0,1
133198518341212698,0.0922675,0.593349,-0.79964,-1.29347,-0.989531,-0.034862,-0.140047,0.134423,-0.110974,0.80419,0.583921,2.12877,0,0,0,1
133198518341541823,0.0920627,0.593184,-0.799786,-1.29297,-0.989469,-0.0355949,-0.140297,0.134348,-0.11169,0.80428,0.58366,2.12875,0,0,0,1
133198518341893601,0.091211,0.593294,-0.799802,-1.29235,-0.989365,-0.0373888,-0.140564,0.134145,-0.1133,0.804117,0.583574,2.1288,0,0,0,1
133198518342203989,0.0899943,0.593271,-0.799956,-1.29185,-0.989343,-0.0390619,-0.14027,0.134007,-0.114466,0.804054,0.583433,2.12887,0,0,0,1
133198518343853883,0.0882598,0.593944,-0.79965,-1.29106,-0.98953,-0.0397565,-0.138747,0.133991,-0.114199,0.803523,0.584216,2.12889,0,0,0,1
133198518344190007,0.08909,0.59434,-0.799264,-1.29111,-0.989441,-0.0392954,-0.139509,0.134054,-0.114323,0.803253,0.584563,2.12885,0,0,0,1
133198518344526839,0.0888728,0.594171,-0.799414,-1.29117,-0.989519,-0.0390371,-0.139022,0.13413,-0.11381,0.803391,0.584474,2.12872,0,0,0,1
133198518344840251,0.0882699,0.593691,-0.799837,-1.29121,-0.989736,-0.0383223,-0.137672,0.134367,-0.112386,0.80378,0.584214,2.12855,0,0,0,1
133198518345522647,0.0864077,0.593532,-0.800158,-1.2913,-0.99025,-0.0369179,-0.13432,0.134902,-0.109263,0.803963,0.584555,2.1281,0,0,0,1
133198518346852135,0.0810928,0.590358,-0.803057,-1.29166,-0.991417,-0.0351243,-0.125935,0.136151,-0.102553,0.806377,0.582443,2.12701,0,0,0,1
133198518347484609,0.0822297,0.589103,-0.803863,-1.29212,-0.991373,-0.0342551,-0.126514,0.135978,-0.102066,0.807331,0.581204,2.12675,0,0,0,1
133198518347814312,0.0841748,0.58883,-0.803862,-1.29242,-0.991118,-0.0338771,-0.128598,0.135659,-0.102955,0.807547,0.580748,2.1267,0,0,0,1
133198518348153928,0.0866386,0.588395,-0.803919,-1.29271,-0.990768,-0.0335681,-0.131344,0.135221,-0.104268,0.807877,0.580055,2.12674,0,0,0,1
133198518349463645,0.0966308,0.584819,-0.805388,-1.29343,-0.989371,-0.0318985,-0.141868,0.133758,-0.108658,0.810536,0.575521,2.12678,0,0,0,1
133198518349794863,0.0974932,0.583246,-0.806424,-1.29339,-0.98923,-0.0320958,-0.142807,0.133624,-0.109175,0.811661,0.573835,2.12677,0,0,0,1
133198518350175066,0.0978511,0.581054,-0.807961,-1.2934,-0.989056,-0.0333085,-0.143737,0.133398,-0.110431,0.813183,0.571435,2.12677,0,0,0,1
133198518350451927,0.0988061,0.579557,-0.80892,-1.29337,-0.988802,-0.0341817,-0.145268,0.133181,-0.111841,0.814215,0.569689,2.12678,0,0,0,1
133198518350782007,0.100003,0.578393,-0.809606,-1.29323,-0.988472,-0.0352129,-0.147253,0.13296,-0.113679,0.814998,0.568204,2.12681,0,0,0,1
133198518351114549,0.101081,0.57754,-0.81008,-1.29301,-0.98821,-0.0358346,-0.148855,0.132737,-0.114999,0.815576,0.567108,2.12681,0,0,0,1
133198518351445094,0.101146,0.576936,-0.810503,-1.29275,-0.988155,-0.0362463,-0.149117,0.132703,-0.115409,0.815985,0.566436,2.12671,0,0,0,1
133198518351773716,0.100703,0.576757,-0.810685,-1.29237,-0.988186,-0.0366364,-0.148817,0.13274,-0.115532,0.816094,0.566254,2.12662,0,0,0,1
133198518352164376,0.101023,0.576589,-0.810765,-1.2918,-0.988109,-0.0367963,-0.149288,0.132792,-0.115911,0.816205,0.566015,2.12652,0,0,0,1
133198518352431902,0.100555,0.576389,-0.810965,-1.2914,-0.988119,-0.0373636,-0.149077,0.132866,-0.116227,0.816321,0.565784,2.12646,0,0,0,1
133198518353424271,0.0952637,0.577063,-0.811124,-1.28909,-0.98862,-0.0404543,-0.144891,0.133654,-0.116425,0.815697,0.566643,2.12671,0,0,0,1
133198518353755394,0.0928321,0.578507,-0.810377,-1.28803,-0.988831,-0.0417454,-0.143076,0.134017,-0.1166,0.814608,0.568171,2.12699,0,0,0,1
133198518354111588,0.0897143,0.580891,-0.809022,-1.28675,-0.989054,-0.0435829,-0.140972,0.134293,-0.117149,0.812814,0.570623,2.12748,0,0,0,1
133198518354415995,0.0872381,0.583139,-0.807675,-1.2857,-0.989214,-0.0450536,-0.139375,0.134582,-0.117664,0.811122,0.572919,2.12792,0,0,0,1
133198518354740090,0.084964,0.585293,-0.806358,-1.28465,-0.989336,-0.0465289,-0.138017,0.134815,-0.118299,0.809486,0.575098,2.12833,0,0,0,1
133198518355071303,0.0827151,0.586945,-0.80539,-1.28375,-0.989495,-0.047778,-0.136442,0.135131,-0.118564,0.808216,0.576827,2.12871,0,0,0,1
133198518355401995,0.0804082,0.588337,-0.804608,-1.28301,-0.9897,-0.0487957,-0.134585,0.135494,-0.118443,0.807142,0.578354,2.12905,0,0,0,1
133198518355733756,0.0780764,0.589947,-0.803658,-1.28247,-0.989929,-0.0496061,-0.132588,0.135833,-0.118086,0.805917,0.580133,2.12939,0,0,0,1
133198518357387374,0.0749689,0.601456,-0.795381,-1.2816,-0.990113,-0.0499334,-0.131082,0.136721,-0.118556,0.797344,0.591766,2.13137,0,0,0,1
133198518358370989,0.0749705,0.605998,-0.791925,-1.28239,-0.989901,-0.0505924,-0.132427,0.136924,-0.120316,0.793855,0.596085,2.13218,0,0,0,1
133198518358704527,0.0757507,0.607068,-0.791031,-1.28279,-0.989857,-0.0498359,-0.133037,0.13698,-0.120184,0.793086,0.597135,2.13227,0,0,0,1
133198518359034205,0.0765926,0.608256,-0.790037,-1.28308,-0.989792,-0.0491314,-0.133785,0.136975,-0.120191,0.792219,0.598283,2.1324,0,0,0,1
133198518359362400,0.0774198,0.609124,-0.789287,-1.28342,-0.989763,-0.0482491,-0.13432,0.137022,-0.1199,0.791606,0.599152,2.13252,0,0,0,1
133198518359692413,0.0777344,0.609604,-0.788885,-1.28368,-0.989725,-0.0480608,-0.134663,0.137043,-0.120006,0.791248,0.599604,2.13271,0,0,0,1
133198518360685866,0.0760013,0.611469,-0.78761,-1.28434,-0.989796,-0.0492188,-0.133723,0.137262,-0.120533,0.789736,0.601489,2.1337,0,0,0,1
133198518361012977,0.0752796,0.612755,-0.786679,-1.28458,-0.989845,-0.0494814,-0.133263,0.137312,-0.120583,0.788722,0.602807,2.13419,0,0,0,1
133198518361673815,0.0758407,0.614853,-0.784986,-1.28517,-0.989641,-0.0498252,-0.13464,0.137058,-0.121896,0.787066,0.604705,2.13542,0,0,0,1
133198518362006836,0.0750647,0.616112,-0.784074,-1.28554,-0.989597,-0.050753,-0.134622,0.13695,-0.122736,0.786022,0.605892,2.13613,0,0,0,1
133198518362392412,0.0739709,0.618113,-0.782601,-1.28597,-0.989496,-0.0522424,-0.134789,0.13675,-0.1242,0.784351,0.607756,2.13705,0,0,0,1
133198518362664480,0.0743608,0.619293,-0.78163,-1.28635,-0.989283,-0.0529535,-0.136071,0.136546,-0.125658,0.783372,0.608719,2.13764,0,0,0,1
133198518362991719,0.0749795,0.620116,-0.780919,-1.28691,-0.988961,-0.0541259,-0.137935,0.136264,-0.127804,0.782641,0.609212,2.13824,0,0,0,1
133198518363650594,0.0760912,0.619607,-0.781215,-1.2882,-0.988488,-0.0558819,-0.140601,0.13577,-0.130773,0.782921,0.608222,2.13886,0,0,0,1
133198518363982982,0.0771995,0.61833,-0.782118,-1.2889,-0.988352,-0.055727,-0.141613,0.135643,-0.131149,0.78394,0.606826,2.13878,0,0,0,1
133198518376196393,0.0770141,0.606445,-0.791387,-1.28327,-0.988976,-0.0542213,-0.137792,0.13648,-0.126474,0.793274,0.595584,2.13193,0,0,0,1
133198518378498555,0.0780534,0.604774,-0.792563,-1.28018,-0.988973,-0.0533894,-0.138136,0.136558,-0.125856,0.794605,0.593939,2.13008,0,0,0,1
133198518378838817,0.0774817,0.604404,-0.792902,-1.27969,-0.989054,-0.0535743,-0.137488,0.136651,-0.125577,0.794875,0.593636,2.12982,0,0,0,1
133198518379162299,0.0771126,0.6041,-0.793169,-1.27928,-0.989121,-0.0536051,-0.13699,0.136739,-0.125274,0.795103,0.593394,2.12959,0,0,0,1
133198518379492057,0.0766132,0.60383,-0.793423,-1.2789,-0.9892,-0.0536947,-0.136382,0.136829,-0.124954,0.795302,0.593195,2.1294,0,0,0,1
133198518379854644,0.0764051,0.603629,-0.793596,-1.27859,-0.989214,-0.0538673,-0.136212,0.136854,-0.12497,0.795444,0.593002,2.12922,0,0,0,1
133198518380193595,0.0763671,0.603533,-0.793673,-1.27838,-0.989225,-0.0538557,-0.136137,0.136878,-0.124907,0.795517,0.592917,2.12908,0,0,0,1
133198518380485701,0.0765338,0.603461,-0.793711,-1.27822,-0.989234,-0.0536311,-0.136163,0.136874,-0.124737,0.795587,0.59286,2.12894,0,0,0,1
133198518380812001,0.0771239,0.603206,-0.793848,-1.27814,-0.9892,-0.0532424,-0.136559,0.136883,-0.12464,0.795806,0.592585,2.1288,0,0,0,1
133198518381142012,0.0776209,0.602735,-0.794157,-1.27809,-0.989168,-0.0529794,-0.136891,0.136839,-0.124583,0.796181,0.592094,2.12869,0,0,0,1
133198518381799337,0.0779394,0.602383,-0.794393,-1.27794,-0.989171,-0.0526748,-0.136992,0.136778,-0.124366,0.796467,0.591754,2.12859,0,0,0,1
133198518382171835,0.0785329,0.602772,-0.79404,-1.27788,-0.989171,-0.0519514,-0.137269,0.136877,-0.123994,0.796221,0.592164,2.12867,0,0,0,1
133198518382476957,0.0786652,0.602932,-0.793905,-1.2778,-0.989199,-0.0515952,-0.1372,0.136955,-0.123684,0.796122,0.592361,2.12879,0,0,0,1
133198518382791240,0.07822,0.602993,-0.793903,-1.27772,-0.989187,-0.0521537,-0.137073,0.136914,-0.124059,0.79604,0.592393,2.12889,0,0,0,1
133198518383120418,0.078083,0.60318,-0.793774,-1.27766,-0.98911,-0.0527648,-0.137394,0.136876,-0.124756,0.795858,0.592492,2.12905,0,0,0,1
133198518383452566,0.0783095,0.603629,-0.79341,-1.27755,-0.989014,-0.0530493,-0.137976,0.13676,-0.125376,0.795498,0.592844,2.12914,0,0,0,1
133198518383784929,0.0784314,0.604165,-0.79299,-1.27748,-0.988991,-0.0529673,-0.138172,0.136742,-0.125481,0.795097,0.593359,2.12923,0,0,0,1
133198518384163236,0.0785921,0.60461,-0.792635,-1.27747,-0.989005,-0.0526242,-0.138204,0.136789,-0.125271,0.794781,0.593827,2.12927,0,0,0,1
133198518384445551,0.0785145,0.60475,-0.792536,-1.27745,-0.989048,-0.052413,-0.137976,0.136812,-0.124981,0.794689,0.594012,2.12923,0,0,0,1
133198518385762214,0.0789792,0.603824,-0.793196,-1.27775,-0.989127,-0.0515511,-0.137732,0.13694,-0.124056,0.795449,0.593187,2.12912,0,0,0,1
133198518386154868,0.0791336,0.603788,-0.793207,-1.27783,-0.989141,-0.0512981,-0.137729,0.136979,-0.123849,0.795492,0.593172,2.12909,0,0,0,1
133198518386422992,0.0791903,0.603559,-0.793376,-1.27794,-0.98917,-0.0510873,-0.137598,0.137002,-0.12358,0.79568,0.592977,2.12901,0,0,0,1
133198518387084343,0.0790588,0.602461,-0.794223,-1.27836,-0.989295,-0.050612,-0.136869,0.137179,-0.122656,0.796541,0.592011,2.12888,0,0,0,1
133198518387431426,0.0789925,0.602109,-0.794496,-1.27861,-0.98934,-0.0504588,-0.136605,0.137182,-0.12234,0.796818,0.591705,2.12885,0,0,0,1
133198518387741683,0.0792212,0.60205,-0.794519,-1.27883,-0.989317,-0.0503594,-0.136805,0.13715,-0.122375,0.796869,0.591629,2.12891,0,0,0,1
133198518388074440,0.0794799,0.602118,-0.794441,-1.27909,-0.989282,-0.0502853,-0.137085,0.13711,-0.12249,0.796822,0.591668,2.12897,0,0,0,1
133198518388404664,0.0796946,0.602139,-0.794403,-1.27935,-0.989257,-0.0502033,-0.137295,0.137108,-0.122553,0.796811,0.59167,2.1291,0,0,0,1
133198518388734018,0.0800613,0.602207,-0.794316,-1.27967,-0.989233,-0.0499368,-0.137567,0.137089,-0.122509,0.796777,0.591725,2.12913,0,0,0,1
133198518389061176,0.0806375,0.602322,-0.79417,-1.27995,-0.989202,-0.0494691,-0.137959,0.137028,-0.122383,0.796719,0.591829,2.12918,0,0,0,1
133198518389725138,0.0813738,0.602122,-0.794247,-1.28066,-0.989173,-0.0488544,-0.138381,0.137079,-0.122125,0.796908,0.591627,2.12934,0,0,0,1
133198518391043322,0.0811217,0.60266,-0.793865,-1.28177,-0.989345,-0.0479238,-0.137478,0.137227,-0.120897,0.796558,0.59235,2.1296,0,0,0,1
133198518392037165,0.0820127,0.601567,-0.794601,-1.28324,-0.989247,-0.0477386,-0.138244,0.137042,-0.121096,0.797395,0.591183,2.12985,0,0,0,1
133198518392362856,0.0823968,0.601839,-0.794355,-1.28365,-0.989204,-0.0475349,-0.138623,0.137058,-0.121188,0.797201,0.591425,2.12999,0,0,0,1
133198518394023036,0.0841512,0.599109,-0.796233,-1.2856,-0.989119,-0.0465437,-0.139558,0.136957,-0.12067,0.799313,0.588674,2.12994,0,0,0,1
133198518394340783,0.0846198,0.59786,-0.797122,-1.28583,-0.989053,-0.0466578,-0.139989,0.136836,-0.120886,0.800242,0.587367,2.12973,0,0,0,1
133198518394681449,0.0857521,0.596355,-0.798127,-1.28603,-0.988932,-0.046407,-0.140927,0.13674,-0.121082,0.801378,0.585775,2.1295,0,0,0,1
133198518395001357,0.0869381,0.594556,-0.79934,-1.2861,-0.988813,-0.0461211,-0.141851,0.13667,-0.121205,0.802731,0.583895,2.12926,0,0,0,1
133198518395334327,0.0869429,0.59284,-0.800613,-1.28606,-0.988833,-0.0462885,-0.141658,0.13668,-0.12104,0.803988,0.582196,2.129,0,0,0,1
133198518395665140,0.0869271,0.591528,-0.801584,-1.28589,-0.988842,-0.0464748,-0.14153,0.136667,-0.120973,0.804944,0.580889,2.1288,0,0,0,1
133198518395988776,0.0868436,0.590822,-0.802115,-1.2857,-0.988816,-0.0468693,-0.14158,0.136631,-0.121243,0.80544,0.580144,2.12862,0,0,0,1
133198518396323163,0.0872681,0.59037,-0.802401,-1.2854,-0.988768,-0.0467734,-0.141951,0.136573,-0.121335,0.805776,0.579657,2.12848,0,0,0,1
133198518396651725,0.0886016,0.58972,-0.802733,-1.28516,-0.988669,-0.0459745,-0.142899,0.136468,-0.121176,0.806298,0.578964,2.12829,0,0,0,1
133198518396981978,0.0890268,0.589225,-0.803049,-1.28485,-0.988703,-0.045331,-0.14287,0.136455,-0.120585,0.806696,0.578533,2.12813,0,0,0,1
133198518397378752,0.0896841,0.588585,-0.803445,-1.28449,-0.988871,-0.0435245,-0.142267,0.136672,-0.118706,0.807263,0.578131,2.12805,0,0,0,1
133198518397670833,0.0892025,0.588511,-0.803553,-1.28412,-0.988999,-0.0432396,-0.141457,0.136806,-0.117994,0.807332,0.57818,2.12817,0,0,0,1
133198518397974077,0.0885786,0.588711,-0.803476,-1.28378,-0.989138,-0.0430042,-0.140556,0.136918,-0.1173,0.807199,0.578507,2.12846,0,0,0,1
133198518398303768,0.0872926,0.589922,-0.802728,-1.28339,-0.989178,-0.0440623,-0.139949,0.136907,-0.117929,0.806257,0.579691,2.12898,0,0,0,1
133198518398650908,0.0866167,0.59202,-0.801255,-1.28319,-0.989161,-0.0446132,-0.139893,0.136819,-0.118566,0.804687,0.581739,2.12954,0,0,0,1
133198518398956261,0.0872021,0.593854,-0.799833,-1.28324,-0.989129,-0.0438175,-0.140373,0.136747,-0.118408,0.803378,0.583578,2.13001,0,0,0,1
133198518399294156,0.0881694,0.595418,-0.798563,-1.2836,-0.989136,-0.0423374,-0.140778,0.136723,-0.117631,0.802299,0.585217,2.1305,0,0,0,1
133198518400940785,0.0918857,0.599612,-0.794998,-1.28692,-0.989201,-0.0365838,-0.141924,0.136887,-0.114184,0.799454,0.589775,2.13311,0,0,0,1
133198518401270730,0.0913302,0.601034,-0.793988,-1.28765,-0.989334,-0.0360932,-0.141122,0.136972,-0.113477,0.798408,0.591327,2.13339,0,0,0,1
133198518401602723,0.0924518,0.601333,-0.793632,-1.28859,-0.989334,-0.0346335,-0.141491,0.137015,-0.11257,0.798247,0.591717,2.1334,0,0,0,1
133198518401932663,0.0947078,0.60042,-0.794057,-1.28968,-0.989278,-0.0323113,-0.142424,0.136999,-0.111171,0.799032,0.590922,2.1332,0,0,0,1
133198518402266955,0.0966302,0.598331,-0.795401,-1.29075,-0.989324,-0.0298506,-0.142644,0.13713,-0.109091,0.800693,0.589058,2.13281,0,0,0,1
133198518402593617,0.0951812,0.59669,-0.796807,-1.29157,-0.989735,-0.0289938,-0.139939,0.137426,-0.106603,0.801948,0.587806,2.13243,0,0,0,1
133198518402920361,0.0938483,0.596096,-0.79741,-1.29222,-0.990063,-0.0283744,-0.137733,0.137676,-0.104728,0.802412,0.58751,2.13205,0,0,0,1
133198518403582637,0.0962648,0.595135,-0.797839,-1.29302,-0.989932,-0.0263188,-0.139074,0.137633,-0.103766,0.803195,0.58661,2.13089,0,0,0,1
133198518403914004,0.0966401,0.594154,-0.798525,-1.29309,-0.989945,-0.0258869,-0.139068,0.137686,-0.103299,0.803935,0.585678,2.13013,0,0,0,1
133198518404288233,0.0949352,0.593279,-0.799379,-1.29282,-0.990215,-0.0262231,-0.137061,0.137919,-0.102278,0.804569,0.584985,2.12929,0,0,0,1
133198518404570827,0.0935336,0.593208,-0.799597,-1.29238,-0.990438,-0.0263597,-0.135413,0.138171,-0.101405,0.804617,0.585071,2.12872,0,0,0,1
133198518404902854,0.0921704,0.593429,-0.799591,-1.29157,-0.990671,-0.0262963,-0.133713,0.13845,-0.100375,0.804457,0.58547,2.12814,0,0,0,1
133198518405232216,0.0898784,0.593679,-0.799667,-1.29063,-0.990975,-0.0268663,-0.131326,0.138826,-0.0994496,0.804254,0.585906,2.12762,0,0,0,1
133198518405563403,0.0876411,0.593506,-0.800044,-1.28963,-0.991187,-0.0281307,-0.129449,0.139046,-0.099334,0.804338,0.58581,2.12705,0,0,0,1
133198518405901789,0.0864751,0.592157,-0.801169,-1.28877,-0.991333,-0.028687,-0.128204,0.13922,-0.0988998,0.805312,0.584544,2.12639,0,0,0,1
133198518406252418,0.0856036,0.58949,-0.803226,-1.28804,-0.991578,-0.0282292,-0.126395,0.139473,-0.0971829,0.807282,0.58211,2.1256,0,0,0,1
133198518406550380,0.0853221,0.586766,-0.805249,-1.28746,-0.991734,-0.0277185,-0.125279,0.139699,-0.09583,0.809282,0.57955,2.12496,0,0,0,1
133198518406882686,0.0855655,0.583766,-0.807401,-1.2868,-0.991804,-0.0272671,-0.124823,0.13978,-0.0948827,0.811464,0.576649,2.12438,0,0,0,1
133198518407205852,0.0864553,0.581089,-0.809235,-1.2861,-0.99168,-0.0275685,-0.125743,0.139679,-0.0953772,0.813373,0.57387,2.12398,0,0,0,1
133198518408203581,0.087898,0.577938,-0.811333,-1.28297,-0.990902,-0.032599,-0.130574,0.13871,-0.101912,0.815429,0.569815,2.12305,0,0,0,1
133198518408533032,0.0872757,0.577255,-0.811887,-1.28196,-0.990884,-0.0336583,-0.130449,0.138675,-0.102629,0.81587,0.569055,2.12251,0,0,0,1
133198518408864029,0.0865026,0.575974,-0.812878,-1.28116,-0.990953,-0.0342963,-0.129753,0.138671,-0.102613,0.816748,0.567797,2.12178,0,0,0,1
133198518409190472,0.0859653,0.57409,-0.814267,-1.28069,-0.991122,-0.0339224,-0.128553,0.138761,-0.101423,0.818089,0.566078,2.12094,0,0,0,1
133198518409521418,0.0857779,0.57178,-0.81591,-1.28051,-0.991284,-0.0332122,-0.12749,0.138828,-0.0999944,0.819734,0.563947,2.12007,0,0,0,1
133198518409852640,0.0854315,0.569158,-0.817778,-1.28059,-0.991475,-0.0324845,-0.126186,0.138994,-0.0983849,0.821586,0.561531,2.11931,0,0,0,1
133198518410219040,0.0844779,0.566384,-0.8198,-1.28083,-0.991655,-0.03262,-0.124723,0.139071,-0.0973833,0.823496,0.558902,2.11866,0,0,0,1
133198518412492030,0.085363,0.563472,-0.821713,-1.28176,-0.991334,-0.0346168,-0.126722,0.138883,-0.0998493,0.825409,0.555634,2.1188,0,0,0,1
133198518412821383,0.0846749,0.56455,-0.821044,-1.28159,-0.991296,-0.0356345,-0.126735,0.138862,-0.100806,0.824629,0.556619,2.11914,0,0,0,1
133198518413154547,0.0842298,0.56637,-0.819835,-1.28129,-0.991185,-0.0368125,-0.127266,0.138716,-0.10226,0.823328,0.558277,2.11948,0,0,0,1
133198518413484132,0.08371,0.568539,-0.818386,-1.28091,-0.991079,-0.0379745,-0.127755,0.138568,-0.103712,0.821779,0.560288,2.11984,0,0,0,1
133198518413808155,0.0830443,0.570667,-0.816972,-1.28059,-0.991012,-0.038986,-0.127968,0.138508,-0.104877,0.820256,0.5623,2.12014,0,0,0,1
133198518414162093,0.0820108,0.572465,-0.815818,-1.28026,-0.991018,-0.03992,-0.127635,0.138562,-0.105634,0.818957,0.564049,2.12038,0,0,0,1
133198518414492131,0.081046,0.573722,-0.815031,-1.28008,-0.991066,-0.0405183,-0.127073,0.138628,-0.105928,0.818048,0.565312,2.12052,0,0,0,1
133198518414836773,0.0800978,0.574618,-0.814492,-1.28009,-0.991147,-0.0408883,-0.126316,0.138742,-0.105887,0.817399,0.566256,2.12065,0,0,0,1
133198518415153102,0.0796275,0.574858,-0.814369,-1.28019,-0.991225,-0.0408084,-0.125727,0.138799,-0.105508,0.817235,0.566564,2.12071,0,0,0,1
133198518415470241,0.0795242,0.574983,-0.814291,-1.28034,-0.99122,-0.0409489,-0.125718,0.138782,-0.10563,0.81714,0.566679,2.12081,0,0,0,1
133198518417774258,0.0841444,0.576712,-0.812602,-1.28239,-0.990457,-0.0409198,-0.131602,0.138037,-0.109148,0.815922,0.567766,2.12278,0,0,0,1
133198518422101750,0.0865717,0.577062,-0.812099,-1.28527,-0.99023,-0.0395992,-0.133699,0.137909,-0.109311,0.815739,0.567997,2.1244,0,0,0,1
133198518422392224,0.0863264,0.576774,-0.81233,-1.28539,-0.990276,-0.0396069,-0.133359,0.13792,-0.109092,0.815943,0.567746,2.12445,0,0,0,1
133198518422725773,0.0860536,0.576186,-0.812776,-1.28558,-0.990328,-0.0396523,-0.132962,0.138042,-0.108839,0.816356,0.5672,2.12451,0,0,0,1
133198518423049771,0.0859352,0.575586,-0.813213,-1.28575,-0.990364,-0.0396224,-0.1327,0.138134,-0.108602,0.816781,0.566635,2.12445,0,0,0,1
133198518423744760,0.0856034,0.574391,-0.814093,-1.28603,-0.99047,-0.0394224,-0.131965,0.138267,-0.107893,0.817631,0.565542,2.12429,0,0,0,1
133198518424044116,0.0853081,0.573785,-0.814551,-1.28614,-0.99057,-0.0391227,-0.131301,0.138319,-0.107206,0.818071,0.565037,2.12426,0,0,0,1
133198518424375776,0.0857341,0.573016,-0.815047,-1.28639,-0.990616,-0.0383675,-0.131176,0.138447,-0.106437,0.818645,0.56435,2.12416,0,0,0,1
133198518424715746,0.0858609,0.572047,-0.815714,-1.28651,-0.990663,-0.0380055,-0.130928,0.138522,-0.105899,0.81934,0.563443,2.1241,0,0,0,1
133198518425039697,0.0857666,0.57105,-0.816423,-1.28657,-0.990664,-0.0382732,-0.130841,0.138527,-0.105964,0.820022,0.562436,2.12413,0,0,0,1
133198518425366152,0.0853255,0.570461,-0.816881,-1.28652,-0.990662,-0.0389297,-0.130664,0.138541,-0.106339,0.820402,0.561812,2.12416,0,0,0,1
133198518425696201,0.0844853,0.570798,-0.816732,-1.28627,-0.990691,-0.0396827,-0.130214,0.138543,-0.106736,0.820131,0.562132,2.12428,0,0,0,1
133198518426027783,0.0837548,0.571743,-0.816146,-1.28599,-0.990729,-0.0401379,-0.129789,0.138598,-0.106964,0.81945,0.563081,2.12445,0,0,0,1
133198518427671439,0.082339,0.571689,-0.816329,-1.28542,-0.990799,-0.0413222,-0.128876,0.138631,-0.107409,0.819429,0.563026,2.12455,0,0,0,1
133198518428008154,0.0819983,0.571749,-0.81632,-1.2853,-0.990831,-0.0414805,-0.128581,0.138649,-0.107377,0.819379,0.563106,2.12455,0,0,0,1
133198518428336494,0.0815023,0.571999,-0.816195,-1.28518,-0.990867,-0.0417612,-0.128211,0.138678,-0.107422,0.819191,0.563372,2.12457,0,0,0,1
133198518428666546,0.0810875,0.572209,-0.816089,-1.28512,-0.99087,-0.0421991,-0.128042,0.1387,-0.107705,0.819021,0.563563,2.12461,0,0,0,1
133198518430664757,0.0801852,0.573052,-0.815587,-1.28496,-0.990774,-0.0438615,-0.128227,0.138502,-0.109254,0.818344,0.564249,2.12458,0,0,0,1
133198518430973950,0.0804287,0.573228,-0.815439,-1.28501,-0.990749,-0.0437351,-0.128464,0.138471,-0.109303,0.818228,0.564407,2.12452,0,0,0,1
133198518431299999,0.0804909,0.57361,-0.815164,-1.28503,-0.990754,-0.0435692,-0.128488,0.138417,-0.109218,0.817969,0.564799,2.12447,0,0,0,1
133198518431639572,0.080361,0.574003,-0.8149,-1.28508,-0.990775,-0.0434957,-0.128342,0.138458,-0.109114,0.817697,0.565213,2.1244,0,0,0,1
133198518431990015,0.0801723,0.574203,-0.814778,-1.28519,-0.990805,-0.0434691,-0.128127,0.13847,-0.108989,0.817558,0.565438,2.1243,0,0,0,1
133198518432298664,0.0799507,0.574268,-0.814754,-1.28534,-0.990826,-0.0435561,-0.127928,0.138398,-0.108953,0.817508,0.565518,2.12424,0,0,0,1
133198518432625846,0.0803205,0.574446,-0.814592,-1.28554,-0.990804,-0.0432603,-0.128202,0.138386,-0.108885,0.817398,0.565689,2.12413,0,0,0,1
133198518432952131,0.0810173,0.574414,-0.814545,-1.28584,-0.990793,-0.0425195,-0.128532,0.138413,-0.108465,0.81746,0.565681,2.12405,0,0,0,1
133198518433284435,0.0814742,0.574042,-0.814762,-1.28611,-0.990796,-0.042013,-0.128678,0.138386,-0.108097,0.817747,0.565336,2.12394,0,0,0,1
133198518433615100,0.0818696,0.57359,-0.815041,-1.2863,-0.990733,-0.0420923,-0.12914,0.138318,-0.108381,0.818061,0.564828,2.12388,0,0,0,1
133198518433945667,0.0818638,0.573438,-0.815148,-1.28642,-0.990688,-0.042459,-0.129362,0.138242,-0.108792,0.818148,0.564623,2.12388,0,0,0,1
133198518434275993,0.0816329,0.57396,-0.814804,-1.28638,-0.990663,-0.0428382,-0.129428,0.1382,-0.109191,0.817762,0.565104,2.12394,0,0,0,1
133198518437001313,0.0802228,0.575804,-0.813642,-1.28626,-0.990787,-0.0432897,-0.128324,0.138491,-0.109112,0.816441,0.567026,2.12421,0,0,0,1
133198518437918319,0.0798399,0.57601,-0.813534,-1.28625,-0.990791,-0.0436807,-0.128163,0.13847,-0.109359,0.816275,0.567218,2.12446,0,0,0,1
133198518440198392,0.0792745,0.578542,-0.811791,-1.28585,-0.990764,-0.0441443,-0.128212,0.138573,-0.110012,0.814457,0.569699,2.12537,0,0,0,1
133198518440529500,0.079797,0.57916,-0.811299,-1.2859,-0.990703,-0.0438833,-0.12877,0.138423,-0.110181,0.814032,0.570274,2.12561,0,0,0,1
133198518440859500,0.0811645,0.580631,-0.810111,-1.28581,-0.990563,-0.0430732,-0.130116,0.138134,-0.110443,0.813027,0.571655,2.12605,0,0,0,1
133198518441195183,0.0830899,0.583145,-0.808108,-1.28552,-0.990272,-0.0425072,-0.132494,0.13785,-0.111614,0.811255,0.57394,2.12655,0,0,0,1
133198518441519546,0.0847026,0.586011,-0.805864,-1.28508,-0.989985,-0.0421773,-0.134726,0.137586,-0.11294,0.809204,0.57657,2.12709,0,0,0,1
133198518441851886,0.085674,0.588396,-0.804021,-1.28462,-0.98984,-0.0416414,-0.135948,0.137563,-0.113472,0.8075,0.578851,2.1275,0,0,0,1
133198518442178923,0.0852713,0.590377,-0.802611,-1.28402,-0.989868,-0.0415988,-0.135765,0.137642,-0.11354,0.806055,0.580847,2.12782,0,0,0,1
133198518442509341,0.0845786,0.592321,-0.80125,-1.28345,-0.989953,-0.0414944,-0.135172,0.137792,-0.113313,0.804633,0.582861,2.12815,0,0,0,1
133198518442840325,0.0849688,0.594611,-0.799511,-1.28277,-0.989852,-0.0413537,-0.135953,0.137835,-0.113902,0.802949,0.585063,2.12848,0,0,0,1
133198518443166931,0.0848706,0.597,-0.797739,-1.28207,-0.989816,-0.0413146,-0.136224,0.137874,-0.114284,0.801177,0.587414,2.12879,0,0,0,1
133198518443500703,0.0837852,0.59915,-0.79624,-1.28133,-0.989976,-0.0411205,-0.135113,0.138117,-0.113695,0.79958,0.5897,2.12913,0,0,0,1
133198518443853937,0.0824361,0.601159,-0.794866,-1.28075,-0.990116,-0.0414069,-0.134002,0.138284,-0.113469,0.798056,0.591804,2.12958,0,0,0,1
133198518444158475,0.0816012,0.602714,-0.793774,-1.28029,-0.99011,-0.0421746,-0.133808,0.138356,-0.114125,0.796842,0.593312,2.12989,0,0,0,1
133198518444489231,0.0795787,0.603532,-0.793357,-1.27999,-0.990226,-0.0435859,-0.132483,0.138377,-0.114537,0.796146,0.594165,2.13019,0,0,0,1
133198518444820133,0.078095,0.603593,-0.793459,-1.27998,-0.990231,-0.0452569,-0.131889,0.138462,-0.115517,0.796007,0.594162,2.13039,0,0,0,1
133198518446163564,0.076571,0.601195,-0.795425,-1.28103,-0.990615,-0.0447136,-0.129156,0.13905,-0.113215,0.79785,0.59213,2.12948,0,0,0,1
133198518447461027,0.0770824,0.590212,-0.80356,-1.28397,-0.991335,-0.0406091,-0.124922,0.139739,-0.106362,0.806226,0.581967,2.12738,0,0,0,1
133198518447783434,0.0774666,0.588286,-0.804934,-1.28454,-0.991392,-0.0400193,-0.124659,0.139749,-0.105548,0.807662,0.580122,2.12719,0,0,0,1
133198518448159903,0.0778198,0.587057,-0.805796,-1.28511,-0.99136,-0.0400341,-0.124907,0.139753,-0.105587,0.808555,0.57887,2.12716,0,0,0,1
133198518448448550,0.0776573,0.58644,-0.806261,-1.28545,-0.991383,-0.0401478,-0.12469,0.13978,-0.105493,0.808997,0.578269,2.12724,0,0,0,1
133198518448779566,0.0775651,0.586135,-0.806492,-1.28579,-0.991364,-0.0404541,-0.124746,0.139772,-0.105744,0.809203,0.577935,2.12742,0,0,0,1
133198518449110640,0.0775048,0.585993,-0.806601,-1.28621,-0.991322,-0.040869,-0.124945,0.139731,-0.106182,0.809285,0.57774,2.12764,0,0,0,1
133198518449439473,0.0774352,0.585977,-0.80662,-1.28667,-0.991278,-0.0412862,-0.125155,0.139671,-0.10664,0.809276,0.577669,2.12789,0,0,0,1
133198518450201214,0.0794443,0.587091,-0.805614,-1.28776,-0.990965,-0.0410929,-0.127669,0.139302,-0.108058,0.808478,0.578522,2.12851,0,0,0,1
133198518450428921,0.0803854,0.587613,-0.805139,-1.28806,-0.990837,-0.0408492,-0.128738,0.139143,-0.108538,0.80811,0.578946,2.12863,0,0,0,1
133198518450761618,0.0810735,0.588163,-0.804668,-1.28843,-0.990735,-0.0406973,-0.129568,0.139019,-0.108955,0.807717,0.579415,2.12885,0,0,0,1
133198518451765711,0.082624,0.589713,-0.803375,-1.28943,-0.990448,-0.0407004,-0.13174,0.138783,-0.110386,0.806587,0.580717,2.12944,0,0,0,1
133198518452108303,0.0838181,0.590565,-0.802625,-1.28966,-0.990305,-0.0401703,-0.132975,0.13868,-0.110772,0.80599,0.581473,2.1296,0,0,0,1
133198518452404391,0.084299,0.591086,-0.802192,-1.28985,-0.990233,-0.040031,-0.133556,0.138574,-0.111055,0.805615,0.581938,2.12972,0,0,0,1
133198518452737445,0.0849215,0.59119,-0.802049,-1.29017,-0.990209,-0.039433,-0.13391,0.138629,-0.110793,0.805568,0.582053,2.12982,0,0,0,1
133198518453068575,0.0854503,0.590924,-0.802189,-1.29048,-0.990241,-0.0385958,-0.133913,0.138721,-0.110094,0.805803,0.58186,2.12994,0,0,0,1
133198518453401974,0.0862022,0.590751,-0.802236,-1.29072,-0.990195,-0.038044,-0.134414,0.138645,-0.109925,0.805957,0.581679,2.13012,0,0,0,1
133198518453730268,0.0870595,0.590781,-0.802121,-1.2909,-0.990086,-0.0377755,-0.135283,0.138608,-0.110224,0.805947,0.581636,2.13039,0,0,0,1
133198518457029737,0.0857812,0.591268,-0.8019,-1.29201,-0.990511,-0.0361297,-0.132597,0.139871,-0.107373,0.805665,0.582559,2.12936,0,0,0,1
133198518457686997,0.0827114,0.588245,-0.804442,-1.29266,-0.991096,-0.0359595,-0.128198,0.14054,-0.104339,0.807883,0.580034,2.12831,0,0,0,1
133198518458029740,0.0821902,0.587511,-0.805031,-1.29293,-0.991118,-0.0365491,-0.127862,0.140642,-0.104544,0.80839,0.579289,2.12769,0,0,0,1
133198518458351397,0.0794463,0.584678,-0.807366,-1.29349,-0.991814,-0.0348598,-0.122841,0.141201,-0.099967,0.810516,0.577122,2.12709,0,0,0,1
133198518458679077,0.0814686,0.583296,-0.808164,-1.29384,-0.99167,-0.0337294,-0.124312,0.141175,-0.0997694,0.811559,0.575689,2.12667,0,0,0,1
133198518459009342,0.0818194,0.582126,-0.808972,-1.29409,-0.991744,-0.0328588,-0.12395,0.141262,-0.0987363,0.812434,0.574631,2.1264,0,0,0,1
133198518459340472,0.0812724,0.581576,-0.809422,-1.29406,-0.991974,-0.0317277,-0.122399,0.141466,-0.0968651,0.812873,0.57433,2.12638,0,0,0,1
133198518459674843,0.0803764,0.582218,-0.80905,-1.29374,-0.992158,-0.0312153,-0.121031,0.141664,-0.0957212,0.812433,0.575143,2.12658,0,0,0,1
133198518460023250,0.0766866,0.581951,-0.8096,-1.29355,-0.992738,-0.0309105,-0.116253,0.142126,-0.0926786,0.812636,0.575355,2.12707,0,0,0,1
133198518460340963,0.0741744,0.581447,-0.810196,-1.29355,-0.993056,-0.0313257,-0.113397,0.142432,-0.0913141,0.812981,0.575086,2.12783,0,0,0,1
133198518460673857,0.0736169,0.581886,-0.809931,-1.2936,-0.992997,-0.0324765,-0.113589,0.142387,-0.0923996,0.812621,0.575421,2.12885,0,0,0,1
133198518461006316,0.0738083,0.583574,-0.808699,-1.29371,-0.992797,-0.0337415,-0.114959,0.142268,-0.0943739,0.811359,0.57688,2.12994,0,0,0,1
133198518461330945,0.0734515,0.585621,-0.80725,-1.29397,-0.992725,-0.0345005,-0.115356,0.142289,-0.0954055,0.809851,0.578826,2.13087,0,0,0,1
133198518462308359,0.0706954,0.579983,-0.811556,-1.29708,-0.993665,-0.0303065,-0.108218,0.143368,-0.0873599,0.814065,0.574166,2.13256,0,0,0,1
133198518462638000,0.074141,0.57584,-0.814193,-1.29852,-0.993534,-0.0277433,-0.110093,0.143276,-0.0859847,0.817091,0.57006,2.13326,0,0,0,1
133198518462969463,0.0788581,0.57421,-0.814901,-1.29948,-0.993077,-0.0261425,-0.114521,0.142781,-0.0870627,0.818291,0.568173,2.13412,0,0,0,1
133198518463309989,0.0832006,0.574567,-0.814218,-1.29995,-0.992611,-0.0246314,-0.118811,0.142274,-0.0883204,0.818087,0.568272,2.13501,0,0,0,1
133198518463624545,0.0856935,0.575796,-0.81309,-1.29997,-0.992313,-0.0238059,-0.12144,0.14194,-0.0892814,0.817247,0.56933,2.1357,0,0,0,1
133198518463957425,0.0869816,0.576752,-0.812276,-1.29984,-0.992148,-0.0234017,-0.122859,0.141709,-0.0898679,0.816584,0.570188,2.13613,0,0,0,1
133198518464313023,0.0886419,0.576985,-0.81193,-1.29958,-0.991897,-0.0233439,-0.124879,0.141466,-0.0910068,0.816421,0.570241,2.13619,0,0,0,1
133198518464651711,0.0888246,0.57704,-0.811871,-1.2992,-0.991827,-0.0237094,-0.125365,0.141444,-0.0915894,0.816372,0.570218,2.13586,0,0,0,1
133198518464951121,0.0873339,0.576765,-0.812228,-1.29878,-0.992072,-0.0236046,-0.123433,0.14169,-0.0903642,0.816569,0.570131,2.1353,0,0,0,1
133198518465325194,0.0850533,0.576077,-0.812958,-1.29867,-0.99256,-0.0223598,-0.119688,0.141494,-0.0871272,0.81709,0.569889,2.13254,0,0,0,1
133198518465652118,0.0837915,0.574987,-0.813861,-1.29843,-0.992899,-0.0210313,-0.117083,0.141941,-0.0844376,0.817892,0.569142,2.13175,0,0,0,1
133198518466927561,0.0819166,0.56056,-0.824052,-1.3001,-0.993776,-0.0166862,-0.110139,0.142858,-0.0754899,0.827946,0.555704,2.13026,0,0,0,1
133198518467264418,0.0841671,0.554569,-0.827871,-1.30102,-0.993734,-0.014599,-0.110809,0.142872,-0.0735374,0.83201,0.549865,2.13095,0,0,0,1
133198518467589477,0.0871977,0.548768,-0.831415,-1.30181,-0.993446,-0.0140104,-0.113439,0.142629,-0.0739,0.835857,0.54395,2.13212,0,0,0,1
133198518467919968,0.0898303,0.542747,-0.835078,-1.30227,-0.993108,-0.0145614,-0.116294,0.14273,-0.0752781,0.83977,0.537699,2.13504,0,0,0,1
133198518468248545,0.0913957,0.536293,-0.839069,-1.30276,-0.992935,-0.0149543,-0.117714,0.142331,-0.0756768,0.843899,0.531138,2.1372,0,0,0,1
133198518468580116,0.0926726,0.529103,-0.843482,-1.30313,-0.9928,-0.0154647,-0.118779,0.141884,-0.0758904,0.848417,0.52386,2.13994,0,0,0,1
133198518468907830,0.0944968,0.522094,-0.847637,-1.3033,-0.992549,-0.0163826,-0.120743,0.14134,-0.0769255,0.852731,0.516656,2.14321,0,0,0,1
133198518469239278,0.0970632,0.514214,-0.852152,-1.30342,-0.992255,-0.0166864,-0.123091,0.140665,-0.077514,0.8575,0.508611,2.14696,0,0,0,1
133198518469568657,0.0987549,0.505381,-0.857227,-1.30356,-0.992085,-0.0171356,-0.124393,0.140013,-0.0775551,0.862726,0.499689,2.15112,0,0,0,1
133198518469897452,0.099932,0.495966,-0.862572,-1.30375,-0.991967,-0.017911,-0.125221,0.139435,-0.077555,0.868157,0.490192,2.15576,0,0,0,1
133198518470228228,0.101049,0.485451,-0.868405,-1.30405,-0.991931,-0.0180115,-0.125491,0.138882,-0.0765609,0.874079,0.479713,2.16085,0,0,0,1
133198518470559704,0.102653,0.473259,-0.874922,-1.3045,-0.991917,-0.017254,-0.125712,0.13818,-0.0745905,0.880754,0.467662,2.16627,0,0,0,1
133198518470885104,0.104695,0.459371,-0.882053,-1.30512,-0.991854,-0.0164765,-0.126309,0.137084,-0.0725559,0.888092,0.453904,2.17189,0,0,0,1
133198518471220506,0.106862,0.443048,-0.890106,-1.30604,-0.991769,-0.0160133,-0.127038,0.135409,-0.0705373,0.896355,0.43769,2.17782,0,0,0,1
